	sample_id	word_id	word	score	shannon	renyi
0	0	0	Muinaisen	10.270506858825684	7.990316390991211	8.944268226623535
1	0	1	roomalaisen	5.308913350105286	3.3462347984313965	7.1320061683654785
2	0	2	mytologian	2.9414710542187095	5.09383487701416	7.288027763366699
3	0	3	mukaan	0.8029825687408447	4.371821403503418	7.6401190757751465
4	0	4	Janus	9.719785451889038	7.308778285980225	8.501582145690918
5	0	5	oli	1.1730892658233643	4.546387672424316	7.515332221984863
6	0	6	alkujen	15.711084842681885	6.664258003234863	8.233272552490234
7	0	7	ja	2.9736838340759277	5.130366325378418	7.900293350219727
8	0	8	porttien	11.974395394325256	5.984128952026367	7.858816623687744
9	0	9	jumala.	3.0167866945266724	5.396346569061279	7.574113368988037
10	0	10	Hän	1.7648340463638306	5.113780498504639	7.361001491546631
11	0	11	oli	0.5455510020256042	2.798675060272217	6.114593029022217
12	0	12	kaksoisluonteinen	17.03569757938385	6.621999263763428	8.198957443237305
13	0	13	ja	1.6330888271331787	4.218144416809082	7.107996940612793
14	0	14	hänet	5.357138156890869	6.210987091064453	8.087522506713867
15	0	15	kuvattiin	2.755974292755127	4.1936564445495605	6.664253234863281
16	0	16	usein	3.4040045738220215	6.977808952331543	8.297615051269531
17	0	17	kaksin	10.262192249298096	6.889164447784424	8.258915901184082
18	0	18	kasvoin,	10.132699251174927	4.853808879852295	7.445487022399902
19	0	19	toinen	5.385494232177734	5.988666534423828	7.957320213317871
20	0	20	katsoen	11.353259086608887	4.926480293273926	7.606478214263916
21	0	21	tulevaisuuteen	8.859607696533203	6.318015098571777	8.121650695800781
22	0	22	ja	1.9447574615478516	3.136363983154297	7.261947154998779
23	0	23	toinen	0.6417612433433533	2.1976327896118164	6.301417350769043
24	0	24	menneisyyteen.	8.3527798242867	6.395114421844482	8.269103050231934
25	0	25	Janus	0.8499625027179718	3.3604423999786377	6.839366436004639
26	0	26	hallitsi	5.038094520568848	3.4127049446105957	6.566285610198975
27	0	27	konfliktien	16.38856792449951	6.596408367156982	8.121919631958008
28	0	28	alkua	5.807493686676025	5.428163528442383	7.658392906188965
29	0	29	ja	1.1005208492279053	3.9770169258117676	7.519784450531006
30	0	30	loppua,	7.634135961532593	6.638057708740234	8.209317207336426
31	0	31	ja	1.0473392009735107	3.4182801246643066	6.986929416656494
32	0	32	sen	4.511628150939941	5.560431957244873	7.952057361602783
33	0	33	myötä	4.550173282623291	5.6428632736206055	7.927001953125
34	0	34	sotaa	12.390425682067871	4.128186225891113	7.451186180114746
35	0	35	ja	2.726224184036255	5.347227096557617	7.850198268890381
36	0	36	rauhaa.	6.581767559051514	5.79361629486084	7.770174980163574
37	0	37	Sotien	10.565299034118652	3.480987071990967	6.852855682373047
38	0	38	aikana	1.8778518438339233	4.896275043487549	7.463512420654297
39	0	39	hänen	4.327484130859375	1.8327000141143799	6.565800189971924
40	0	40	temppelinsä	7.753548175096512	5.994030952453613	7.858865737915039
41	0	41	ovet	9.848565071821213	3.967153787612915	7.034824848175049
42	0	42	olivat	1.89335298538208	4.6686224937438965	7.1056013107299805
43	0	43	auki	2.5319364070892334	6.281369209289551	8.164382934570312
44	0	44	ja	1.1514103412628174	2.3377718925476074	6.625404357910156
45	0	45	rauhan	8.0600004196167	6.426400184631348	8.37219524383545
46	0	46	aikana	3.1112029552459717	6.68741512298584	8.354865074157715
47	0	47	kiinni.	13.609511613845825	3.789214611053467	7.5865020751953125
48	0	48	Porttien	14.695728778839111	3.0628020763397217	6.821883201599121
49	0	49	jumalana	9.034180164337158	6.726795196533203	8.229997634887695
50	0	50	hänen	5.977283000946045	1.060187578201294	5.522118091583252
51	0	51	ajateltiin	10.610167980194092	6.1595458984375	7.929136753082275
52	0	52	myös	3.9356327056884766	5.21217155456543	7.459112167358398
53	0	53	kulkevan	8.327586616855115	5.608197212219238	7.684760570526123
54	0	54	kotien	12.941834449768066	7.225136756896973	8.49278736114502
55	0	55	ovista	8.713974714279175	5.063799858093262	7.50874137878418
56	0	56	sisään	2.926461696624756	4.744575500488281	7.490659713745117
57	0	57	ja	2.1550989151000977	3.161869764328003	7.22992467880249
58	0	58	ulos.	5.7818989753723145	6.918844223022461	8.286774635314941
59	0	59	Yleisesti	9.147393226623535	4.4493632316589355	7.361432075500488
60	0	60	Janus	3.2990831434726715	4.119317054748535	7.3798017501831055
61	0	61	symboloi	8.693802833557129	4.368686199188232	6.886504173278809
62	0	62	muutosta	9.272919654846191	6.637527942657471	8.208130836486816
63	0	63	ja	2.23948335647583	5.56533145904541	7.9169087409973145
64	0	64	siirtymää,	13.693932473659515	6.59158992767334	8.174628257751465
65	0	65	kuten	4.899234294891357	4.191004753112793	7.375279426574707
66	0	66	kehitystä	11.807523727416992	7.046092510223389	8.513223648071289
67	0	67	tilasta	11.86560583114624	3.572415351867676	7.362860679626465
68	0	68	toiseen,	2.830081820487976	3.3982107639312744	7.1952900886535645
69	0	69	visiosta	13.171026945114136	5.498373985290527	8.042272567749023
70	0	70	toiseen,	3.0439051389694214	4.082648277282715	7.567381858825684
71	0	71	sekä	3.234133243560791	5.2509918212890625	8.022411346435547
72	0	72	nuoren	8.660688400268555	7.12877082824707	8.466774940490723
73	0	73	kasvamista	11.31701135635376	5.56234073638916	7.869688987731934
74	0	74	aikuiseksi.	8.26662427186966	4.532899856567383	7.706570148468018
75	0	75	Janusta	4.718198180198669	4.008359909057617	7.172671318054199
76	0	76	siis	8.527556419372559	4.1913533210754395	6.919013977050781
77	0	77	palvottiin	3.4448791220784187	5.432463645935059	7.546971321105957
78	0	78	sadonkorjuun	11.152828752994537	6.211847305297852	8.0340576171875
79	0	79	ja	3.3989193439483643	3.1320595741271973	6.43417501449585
80	0	80	istutuksen	10.493741273880005	6.5120134353637695	8.133890151977539
81	0	81	alussa,	7.158927917480469	2.954050064086914	6.584083080291748
82	0	82	sekä	4.210555076599121	4.017673969268799	7.389163017272949
83	0	83	avioliiton,	12.836071014404297	7.279445648193359	8.562500953674316
84	0	84	kuoleman	3.021641969680786	6.4961981773376465	8.052050590515137
85	0	85	ja	0.759434700012207	1.9618148803710938	5.816357612609863
86	0	86	muiden	4.411947250366211	5.885729789733887	7.761789321899414
87	0	87	siirtymien	15.749611854553223	5.6449503898620605	7.601869106292725
88	0	88	alussa.	6.359063848853111	5.256954193115234	7.578017234802246
89	0	89	Janukselle	6.598323583602905	5.142413139343262	7.479913711547852
90	0	90	ei	3.114056348800659	5.101730823516846	7.440457820892334
91	0	91	ollut	1.8549760580062866	3.580000162124634	6.500157356262207
92	0	92	nimitetty	10.557011604309082	6.173345565795898	7.787644863128662
93	0	93	tiettyä	7.872520290315151	6.04339599609375	7.937594413757324
94	0	94	pappia,	6.938391292467713	6.008583068847656	7.772068500518799
95	0	95	mutta	2.3255112171173096	2.488475799560547	6.041558742523193
96	0	96	itse	7.9126787185668945	4.116378307342529	7.521235466003418
97	0	97	ylipappi	11.039368152618408	5.728701114654541	8.032398223876953
98	0	98	toimitti	10.09349536895752	4.439143657684326	7.469944000244141
99	0	99	hänen	3.5447275638580322	4.539602279663086	7.504007339477539
100	0	100	seremoniansa.	8.636034592986107	6.556396484375	8.102898597717285
101	0	101	Janus	1.7800511121749878	4.863978385925293	7.383476257324219
102	0	102	edusti	6.3510518074035645	5.051389694213867	7.197388172149658
103	0	103	välimaastoa	14.938028037548065	6.547723770141602	8.14603328704834
104	0	104	barbarismin	19.353553771972656	4.199443817138672	7.803254127502441
105	0	105	ja	1.9481768608093262	4.713089942932129	7.389102458953857
106	0	106	sivilisaation,	13.631505891680717	6.254781246185303	7.979702472686768
107	0	107	maaseudun	7.119562149047852	6.407293319702148	8.214810371398926
108	0	108	ja	0.6408779621124268	2.802924156188965	6.742403507232666
109	0	109	kaupungin	6.059174537658691	5.9157843589782715	7.7472004890441895
110	0	110	sekä	4.297296524047852	5.831052780151367	7.826122283935547
111	0	111	nuoruuden	10.53075885772705	6.323605537414551	8.024003982543945
112	0	112	ja	1.9414169788360596	5.240085124969482	7.659979343414307
113	0	113	aikuisuuden	9.256293773651123	5.053779602050781	7.344951152801514
114	0	114	välillä.	1.3800261914730072	4.659334182739258	7.320735931396484
115	0	115	Muinaisilla	13.490661144256592	3.7893238067626953	7.015691757202148
116	0	116	kreikkalaisilla	4.803181074559689	3.9115452766418457	7.08128023147583
117	0	117	ei	4.6442461013793945	4.363529205322266	7.016018390655518
118	0	118	ollut	0.3116686940193176	1.7536659240722656	6.000833034515381
119	0	119	vastinetta	5.218420028686523	5.910833358764648	7.728584289550781
120	0	120	Janukselle,	5.625583231449127	6.008404731750488	8.05172061920166
121	0	121	jonka	5.5171990394592285	1.6392004489898682	4.768460273742676
122	0	122	roomalaiset	7.008726119995117	6.145456314086914	8.058844566345215
123	0	123	väittivät	5.665242414921522	5.138625144958496	7.435824871063232
124	0	124	olevan	2.325403928756714	5.411852836608887	7.586627006530762
125	0	125	selkeästi	10.0053071975708	6.874039649963379	8.322375297546387
126	0	126	heidän	6.384078502655029	6.600187301635742	8.14027214050293
127	0	127	omansa.	9.659445136785507	6.087370872497559	7.776778221130371
128	0	128	</s>	4.300014019012451	3.174738883972168	6.834676742553711
129	1	0	Shaka-	14.776931762695312	7.795746326446533	8.698654174804688
130	1	1	merkin	15.319121360778809	6.291442394256592	7.903842926025391
131	1	2	merkitys	6.541285991668701	6.375439643859863	8.248320579528809
132	1	3	liittyy	6.984681606292725	2.849848985671997	6.736902236938477
133	1	4	ystävällisyyteen.	13.80007541179657	7.012842655181885	8.417428970336914
134	1	5	Symbolinen	12.150098159909248	4.659527778625488	7.489974498748779
135	1	6	ele	7.102124214172363	5.760062217712402	7.746978282928467
136	1	7	on	1.6212034225463867	3.4874536991119385	6.5361857414245605
137	1	8	luultavasti	8.407782554626465	7.338128089904785	8.578657150268555
138	1	9	alun	4.662776947021484	6.008857727050781	8.098624229431152
139	1	10	perin	0.009102395735681057	0.07514278590679169	2.7294321060180664
140	1	11	kehitetty	5.773377418518066	6.074975967407227	8.194838523864746
141	1	12	Havaijilla,	10.461065888404846	7.308000564575195	8.635607719421387
142	1	13	josta	3.573990821838379	3.1729466915130615	6.41042947769165
143	1	14	se	1.5562529563903809	4.882830619812012	7.7386884689331055
144	1	15	lähti	6.575209617614746	2.1588621139526367	5.803493022918701
145	1	16	leviämään	7.3903338219970465	5.062679767608643	7.720175266265869
146	1	17	kansainvälisempään	16.846242427825928	5.135842323303223	7.550764560699463
147	1	18	käyttöön	4.728024959564209	4.464676380157471	7.3189697265625
148	1	19	1960-	5.071434020996094	4.5818681716918945	7.614680290222168
149	1	20	luvulla	8.996184706687927	1.2851438522338867	3.374112606048584
150	1	21	alueella	9.698335647583008	1.0496307611465454	5.763923168182373
151	1	22	vierailleiden	7.6767507791519165	2.173840045928955	6.554795265197754
152	1	23	surffaajien	11.270541220903397	5.584917068481445	7.6079020500183105
153	1	24	myötä.	3.9992936849594116	4.051699638366699	7.252435684204102
154	1	25	Siitä	5.737514495849609	5.458536148071289	7.621645927429199
155	1	26	on	0.9529613256454468	3.013657331466675	6.322742462158203
156	1	27	tullut	1.4252567291259766	4.0492095947265625	6.8022966384887695
157	1	28	niin	6.024900436401367	5.330982208251953	7.7132158279418945
158	1	29	suosittu,	2.1650704741477966	2.5787575244903564	6.49108362197876
159	1	30	että	0.030360974371433258	0.15676505863666534	2.1820712089538574
160	1	31	nyt	8.582014083862305	4.903383731842041	7.8560004234313965
161	1	32	sen	2.861147403717041	5.400685787200928	7.983151435852051
162	1	33	merkitys	1.7695400714874268	5.3585205078125	7.732490062713623
163	1	34	tunnetaan	5.511249542236328	2.5222630500793457	6.814614295959473
164	1	35	ympäri	2.6731250286102295	4.94453239440918	7.458424091339111
165	1	36	maailman	3.160050630569458	1.271045446395874	4.986323356628418
166	1	37	tämän	9.838325500488281	1.5734959840774536	6.095545291900635
167	1	38	lajin	4.2709856033325195	5.403833389282227	7.709775447845459
168	1	39	harrastajien	8.990767478942871	4.243126392364502	7.400632858276367
169	1	40	kesken.	8.153472900390625	1.2852730751037598	5.866501808166504
170	1	41	Shaka-	1.3723693639039993	4.833466529846191	7.496807098388672
171	1	42	merkkiä	6.8029515743255615	2.37717342376709	6.269628524780273
172	1	43	näytettäessä	15.220893383026123	3.4701528549194336	6.659632682800293
173	1	44	nostetaan	7.089573860168457	5.98863410949707	8.217235565185547
174	1	45	peukalo	9.31644344329834	3.883334159851074	7.603438377380371
175	1	46	ja	3.231579542160034	3.8920722007751465	7.054737567901611
176	1	47	pikkurilli	16.541786193847656	6.04629373550415	7.823090076446533
177	1	48	ylös	8.401606559753418	3.4505555629730225	7.165935039520264
178	1	49	ja	2.2645392417907715	4.547828197479248	7.636972427368164
179	1	50	kierretään	6.53876356035471	6.572002410888672	8.13399887084961
180	1	51	kolme	7.127677917480469	6.111137390136719	7.910881996154785
181	1	52	keskimmäistä	15.267052218317986	4.948351860046387	7.383422374725342
182	1	53	sormea	3.153032533824444	5.457337856292725	7.459465026855469
183	1	54	alaspäin	4.706981182098389	4.662545680999756	7.302106857299805
184	1	55	samalla	6.062777042388916	3.0144455432891846	6.955620288848877
185	1	56	heiluttaen	13.865235358476639	4.125309944152832	7.10628604888916
186	1	57	kättä	7.581296235322952	5.475456237792969	7.675816535949707
187	1	58	kuin	7.594753265380859	4.236212730407715	7.23206090927124
188	1	59	tervehtiäkseen.	18.589848697185516	6.711246967315674	8.170340538024902
189	1	60	Liikettä	11.290732860565186	4.721074104309082	7.447879791259766
190	1	61	voi	4.260910987854004	5.672214031219482	7.805688858032227
191	1	62	vielä	6.833115100860596	4.863207817077637	7.06388521194458
192	1	63	korostaa	5.869391441345215	5.3952178955078125	7.373012065887451
193	1	64	kättä	7.437020659446716	5.417301177978516	7.9247331619262695
194	1	65	sivuttain	11.14766550064087	5.020449161529541	7.58091926574707
195	1	66	pyörittäen.	13.122504636645317	4.581437110900879	7.562553882598877
196	1	67	Shaka-	1.066668912768364	4.1411333084106445	7.31190299987793
197	1	68	merkin	1.945939302444458	1.9697458744049072	5.467921733856201
198	1	69	tarkoitus	4.087368965148926	5.035882949829102	7.8254218101501465
199	1	70	painottuukin	18.59609834011644	0.7434360384941101	4.383555889129639
200	1	71	puhtaasti	7.349209785461426	7.1666035652160645	8.429435729980469
201	1	72	ystävällisyyden,	13.712178230285645	6.996885299682617	8.336455345153809
202	1	73	tietoisuuden	7.190066829323769	6.650440216064453	8.120342254638672
203	1	74	ja	0.44706082344055176	1.0200709104537964	4.019360065460205
204	1	75	kehujen	17.633627891540527	6.666786193847656	7.974297523498535
205	1	76	välittämiseen.	7.007402837276459	5.056994438171387	7.290272235870361
206	1	77	Havajin	26.33032711595297	3.937830924987793	7.190722465515137
207	1	78	asukkaat	13.857312202453613	5.652583122253418	8.18128776550293
208	1	79	käyttävät	3.7659285068511963	4.2993316650390625	7.097450256347656
209	1	80	shakaa	6.798067092895508	5.964046478271484	8.05135440826416
210	1	81	ilmaistakseen	10.289815559983253	6.451761245727539	8.368597984313965
211	1	82	”Aloha-	29.67885684967041	6.4092631340026855	8.129326820373535
212	1	83	henkeä”,	15.13893461227417	4.425175666809082	7.682749271392822
213	1	84	eli	4.148061275482178	4.609535217285156	7.452426433563232
214	1	85	ymmärrystä	9.84614001098089	6.801957130432129	8.46661376953125
215	1	86	ja	2.503836154937744	4.599052429199219	7.778033256530762
216	1	87	myötätuntoa	8.64725475013256	7.541090965270996	8.589028358459473
217	1	88	saarten	14.246100425720215	3.2133631706237793	7.3927998542785645
218	1	89	monien	9.896800994873047	6.138019561767578	8.008035659790039
219	1	90	kulttuurien	4.57115438580513	5.514856338500977	7.6677374839782715
220	1	91	edustajia	9.67655086517334	4.68566370010376	7.4768242835998535
221	1	92	kohtaan.	0.24863775074481964	0.4790114462375641	4.372132301330566
222	1	93	Koska	6.84684944152832	2.1965627670288086	6.554859638214111
223	1	94	merkin	7.774692058563232	3.1489458084106445	7.299725532531738
224	1	95	alkuperästä	6.134390354156494	5.700931072235107	7.866381645202637
225	1	96	ei	0.3907240629196167	1.5084232091903687	5.634097099304199
226	1	97	olla	6.6707611083984375	1.102473497390747	4.889657497406006
227	1	98	täysin	4.254563808441162	4.4249267578125	6.715129852294922
228	1	99	varmoja,	4.708097712602466	3.2083792686462402	6.04954719543457
229	1	100	on	2.0212314128875732	5.645583629608154	7.979311943054199
230	1	101	myös	3.9508414268493652	5.706501007080078	7.943532466888428
231	1	102	ehdotettu	4.052846908569336	5.773793697357178	7.841233253479004
232	1	103	sen	3.18428111076355	2.40275239944458	6.7698469161987305
233	1	104	tulevan	6.283002853393555	5.184798717498779	7.465640544891357
234	1	105	espanjalaisten	10.48817253112793	6.958188533782959	8.360026359558105
235	1	106	maahantulijoiden	13.27413296699524	6.331512451171875	8.00796127319336
236	1	107	käsimerkistä,	21.924261808395386	5.770452499389648	7.855127811431885
237	1	108	jolla	3.856945753097534	3.8910107612609863	6.7393364906311035
238	1	109	he	3.33522891998291	4.994978904724121	7.629125118255615
239	1	110	halusivat	5.397083282470703	4.646031379699707	7.219654083251953
240	1	111	ehdottaa	9.117719486355782	5.9590959548950195	7.747450351715088
241	1	112	havajilaisille	30.33605146408081	6.678159713745117	8.387572288513184
242	1	113	yhdessä	10.033349990844727	6.584839820861816	8.328540802001953
243	1	114	lasillisen	15.9769926071167	7.127869606018066	8.538311004638672
244	1	115	nauttimista.	19.083871960639954	6.771622657775879	8.281914710998535
245	1	116	</s>	2.8689982891082764	4.0760040283203125	7.305850982666016
246	2	0	Kilpaurheilussa	15.845520257949829	7.810150146484375	8.714223861694336
247	2	1	doping	6.497182846069336	5.466544151306152	8.032715797424316
248	2	2	tarkoittaa	4.467191696166992	2.9129397869110107	6.412166118621826
249	2	3	kilpailevien	7.455567121505737	6.1060028076171875	8.032812118530273
250	2	4	urheilijoiden	2.793914776921156	2.5788002014160156	6.473300933837891
251	2	5	kiellettyjen	6.6607513427734375	6.1143646240234375	7.938193321228027
252	2	6	urheilusuoritusta	13.760689735412598	0.49076640605926514	4.454396724700928
253	2	7	parantavien	9.773599453270435	2.4116573333740234	6.482248306274414
254	2	8	aineiden	0.5819582343101501	2.661952257156372	6.2982964515686035
255	2	9	käyttöä.	3.06097149848938	5.119961738586426	7.364557266235352
256	2	10	Urheilukilpailuja	10.40577507019043	5.395462512969971	7.361152172088623
257	2	11	säätelevät	8.477700889110565	3.951023578643799	6.749015808105469
258	2	12	organisaatiot	7.3272595554590225	5.176604747772217	7.4489006996154785
259	2	13	käyttävät	4.155812740325928	3.8992509841918945	6.616782188415527
260	2	14	doping-	2.9763855934143066	5.039830207824707	7.621609687805176
261	2	15	termiä	11.087625503540039	5.24024772644043	7.1713690757751465
262	2	16	laajasti.	9.693864703178406	4.038942337036133	7.401898384094238
263	2	17	Aineiden	8.391974687576294	5.743770599365234	7.511937141418457
264	2	18	käyttöä	2.320740222930908	4.985600471496582	7.3757123947143555
265	2	19	urheilusuorituksen	10.90622079372406	4.448651313781738	7.118006706237793
266	2	20	parantamiseen	7.079783916473389	5.662732124328613	7.437270164489746
267	2	21	pidetään	5.327273845672607	3.7552027702331543	6.54633903503418
268	2	22	pääasiassa	7.445520401000977	4.935858726501465	7.4724273681640625
269	2	23	epäeettisenä,	10.118519337847829	6.617642402648926	8.22226619720459
270	2	24	ja	2.8104400634765625	2.7310822010040283	6.165196418762207
271	2	25	se	3.4392991065979004	5.012818336486816	7.6134443283081055
272	2	26	on	0.8733774423599243	3.6409084796905518	6.559555530548096
273	2	27	siksi	5.583657264709473	5.940825462341309	7.765904426574707
274	2	28	kielletty	2.132855176925659	5.867101192474365	7.691810131072998
275	2	29	suurimmassa	7.251642227172852	4.49014949798584	7.21791934967041
276	2	30	osassa	0.0760158970952034	0.5117079019546509	4.321382522583008
277	2	31	kansainvälisiä	6.395890235900879	4.445481300354004	7.278349876403809
278	2	32	urheiluorganisaatioita,	11.36190197058022	3.6258599758148193	6.590635776519775
279	2	33	mm.	5.2993379514082335	3.378618001937866	6.189911365509033
280	2	34	Kansainvälisessä	5.59940442442894	5.920374870300293	8.025424003601074
281	2	35	olympiakomiteassa.	2.3774037966504693	3.335550308227539	6.776998043060303
282	2	36	Lisäksi	4.610750198364258	5.621579647064209	7.527270793914795
283	2	37	urheilijat,	10.767235428094864	3.865086555480957	7.41361665725708
284	2	38	jotka	0.5196670889854431	2.1463077068328857	5.907086372375488
285	2	39	pyrkivät	5.637002468109131	3.2824363708496094	6.407465934753418
286	2	40	peittelemättömästi	19.43771155923605	5.132774829864502	7.260929107666016
287	2	41	välttämään	4.759122371673584	5.474058151245117	7.776206016540527
288	2	42	selvityksen,	14.442054510116577	1.4715995788574219	6.220643997192383
289	2	43	pahentavat	11.889718055725098	4.334959030151367	7.1608991622924805
290	2	44	eettistä	9.28318190574646	5.051684379577637	7.577728748321533
291	2	45	rikkomusta	6.395279750227928	5.391557216644287	7.234017848968506
292	2	46	avoimella	13.222798347473145	2.73862361907959	6.471087455749512
293	2	47	petoksella	10.511333107948303	4.71199893951416	7.259150505065918
294	2	48	ja	2.0908279418945312	2.263897657394409	6.093910217285156
295	2	49	huijauksella.	7.738577872514725	7.055858612060547	8.2805814743042
296	2	50	Vaikka	5.430447578430176	5.932544708251953	7.599846363067627
297	2	51	doping	0.38509291410446167	2.4119668006896973	6.783910751342773
298	2	52	onkin	5.9430060386657715	4.078325271606445	7.328212261199951
299	2	53	vallinnut	11.260737374424934	4.636025428771973	7.569758415222168
300	2	54	otsikkoja	21.507675170898438	5.389415740966797	7.671411991119385
301	2	55	viime	8.16445541381836	4.570575714111328	7.65388298034668
302	2	56	aikoina,	2.057964116334915	2.0182859897613525	5.091283321380615
303	2	57	ilmiönä	9.981578826904297	4.565013885498047	7.54341983795166
304	2	58	se	5.686917304992676	2.530819892883301	6.533998012542725
305	2	59	ei	3.6121857166290283	2.435908555984497	6.261297225952148
306	2	60	ole	0.882483720779419	3.769432544708252	6.845341682434082
307	2	61	kuitenkaan	3.0097885131835938	4.831732273101807	7.368081092834473
308	2	62	uusi	6.392775058746338	5.703052520751953	7.687738418579102
309	2	63	–	7.731655120849609	4.887306213378906	7.3715996742248535
310	2	64	itse	7.094611644744873	6.196697235107422	8.161108016967773
311	2	65	asiassa	0.7922830581665039	3.548705816268921	7.448686599731445
312	2	66	se	2.435699462890625	6.019768714904785	8.201408386230469
313	2	67	on	0.501562237739563	2.568878173828125	6.47632360458374
314	2	68	yhtä	7.351236343383789	6.397865295410156	8.14002799987793
315	2	69	vanha	3.1812496185302734	5.67258358001709	7.4699506759643555
316	2	70	kuin	0.15884985029697418	0.9475743770599365	5.438822269439697
317	2	71	urheilu	2.719008684158325	6.137326240539551	8.043286323547363
318	2	72	itsessään.	11.094736874103546	4.443936347961426	7.302171230316162
319	2	73	Yleinen	6.63771665096283	5.913847923278809	7.657149314880371
320	2	74	mielipide	3.7847900390625	4.722851753234863	7.356948375701904
321	2	75	urheilijoiden	7.602597162127495	3.287607431411743	7.1460862159729
322	2	76	keskuudessa	3.33988094329834	6.154609203338623	7.914854049682617
323	2	77	on	0.5048179030418396	2.865689754486084	6.804149627685547
324	2	78	vaihdellut	6.2988481521606445	5.058716773986816	7.69048547744751
325	2	79	laajasti	6.905185699462891	4.5685625076293945	7.437156677246094
326	2	80	vuosien	4.137025356292725	3.323488235473633	6.923136234283447
327	2	81	saatossa:	4.6332889795303345	2.773836374282837	6.260793209075928
328	2	82	aineita	10.11060905456543	6.407289505004883	8.394906044006348
329	2	83	on	1.1558279991149902	4.203218460083008	7.344324111938477
330	2	84	käytetty	4.109775066375732	5.982782363891602	7.754286289215088
331	2	85	muinaisista	14.83530044555664	4.20521879196167	7.536257743835449
332	2	86	sotavaunukilpailuista	18.554254055023193	2.7541348934173584	6.797200679779053
333	2	87	nykyhetkeen	8.567786425352097	5.183924674987793	7.737892150878906
334	2	88	asti,	2.4500826597213745	2.8639955520629883	6.568580150604248
335	2	89	ja	1.761289119720459	5.028359889984131	7.796751022338867
336	2	90	tuoreimpia	13.795121192932129	5.897432804107666	8.158098220825195
337	2	91	kiistoja	10.400711447000504	6.040676116943359	8.029292106628418
338	2	92	on	0.9754441976547241	4.019106864929199	7.506632328033447
339	2	93	esiintynyt	5.292153835296631	4.22790002822876	7.460752964019775
340	2	94	amerikkalaisessa	8.634070347994566	6.347936630249023	8.19602108001709
341	2	95	pesäpallossa	7.871395714581013	4.215871810913086	7.46097993850708
342	2	96	ja	2.7466039657592773	3.9694645404815674	7.446282863616943
343	2	97	pyöräilyssä.	7.521332696080208	5.961329460144043	8.021122932434082
344	2	98	Viimeisinä	10.132482051849365	6.220808982849121	7.806704044342041
345	2	99	vuosikymmeninä	2.870105028152466	2.203089952468872	6.539295196533203
346	2	100	viranomaiset	10.532426834106445	3.859659194946289	7.530030727386475
347	2	101	ja	4.473513126373291	2.0085301399230957	6.100170135498047
348	2	102	urheiluorganisaatiot	7.605614868924022	6.256486892700195	8.02955436706543
349	2	103	ovat	0.27313119173049927	1.7957186698913574	6.001527309417725
350	2	104	yrittäneet	4.89310528212809	5.856123447418213	7.390865325927734
351	2	105	tiukasti	10.568758010864258	5.610182285308838	7.388619422912598
352	2	106	säädellä	8.623768597841263	5.508512020111084	7.305335521697998
353	2	107	aineiden	6.284702301025391	4.026919841766357	7.470449924468994
354	2	108	käyttöä	0.7098767161369324	2.661238670349121	6.381958484649658
355	2	109	urheilussa.	4.9745566844940186	4.230491638183594	7.518380641937256
356	2	110	Ensisijaiset	12.608248353004456	5.944669723510742	7.66419792175293
357	2	111	syyt	5.221662998199463	3.366459608078003	7.053225517272949
358	2	112	aineiden	9.334883689880371	3.8071022033691406	7.280457019805908
359	2	113	kieltämiseen	9.837844669818878	2.2932894229888916	5.999101638793945
360	2	114	kumpuavat	15.636401176452637	2.009929895401001	6.3069233894348145
361	2	115	suoritusta	10.516607522964478	6.344804763793945	8.198193550109863
362	2	116	parantavien	7.39718770980835	5.338568687438965	7.715700149536133
363	2	117	aineiden	0.05450195074081421	0.4459744989871979	4.405792713165283
364	2	118	terveysriskeistä,	15.560815069824457	1.7182518243789673	5.999523162841797
365	2	119	kilpailijoiden	9.83588021993637	4.733338356018066	7.4801249504089355
366	2	120	mahdollisuuksien	10.508940696716309	6.574173927307129	8.08350944519043
367	2	121	samanarvoisuus	15.489537477493286	5.621626853942871	7.549942493438721
368	2	122	ja	1.2912083864212036	4.385587215423584	7.663949489593506
369	2	123	yleisölle	12.172122955322266	6.6684136390686035	8.147317886352539
370	2	124	näkyvä	7.275046348571777	6.320906639099121	7.999475955963135
371	2	125	päihteettömän	16.93506944179535	5.297565460205078	7.612721920013428
372	2	126	urheilun	4.4788289070129395	6.280603408813477	7.875136375427246
373	2	127	antama	8.687910079956055	6.4171223640441895	7.953031539916992
374	2	128	positiivinen	7.0330352783203125	5.186305999755859	7.452375888824463
375	2	129	kuva.	6.629538893699646	5.641679286956787	7.376537799835205
376	2	130	Dopingin	10.471653498709202	6.163694381713867	7.721866130828857
377	2	131	vastaiset	7.23215126991272	6.61068058013916	8.324735641479492
378	2	132	viranomaiset	5.6475653648376465	5.437126159667969	7.597112655639648
379	2	133	ovat	0.9031442403793335	3.8713455200195312	6.841222763061523
380	2	134	toistuvasti	4.900233268737793	5.812557220458984	7.549888610839844
381	2	135	painottaneet	6.742694854736328	5.626243591308594	7.2560811042785645
382	2	136	suoritusta	6.65196430683136	3.2628016471862793	7.103949546813965
383	2	137	parantavien	5.071538329124451	6.63472843170166	8.175065040588379
384	2	138	aineiden	0.015896612778306007	0.14613598585128784	3.2381789684295654
385	2	139	käytön	2.153956890106201	4.812196731567383	7.243427753448486
386	2	140	olevan	4.507439613342285	5.698930263519287	7.571319580078125
387	2	141	vastoin	8.659120559692383	6.5351667404174805	8.000998497009277
388	2	142	”urheiluhenkeä”.	18.825614729896188	5.590367794036865	7.770755290985107
389	2	143	</s>	2.7421278953552246	6.177901268005371	7.7687811851501465
390	3	0	Pussihukka	17.954344511032104	7.820469856262207	8.722253799438477
391	3	1	oli	3.679016590118408	3.4198789596557617	7.169493675231934
392	3	2	uuden	9.389238357543945	6.84793758392334	8.468170166015625
393	3	3	ajan	2.386897087097168	4.734846115112305	7.5327606201171875
394	3	4	suurin	6.492781162261963	6.280084609985352	8.332134246826172
395	3	5	lihansyöjäpussipeto,	27.685770511627197	6.530250549316406	8.277227401733398
396	3	6	joka	0.9191988110542297	2.103841781616211	5.760605812072754
397	3	7	muistutti	4.941768169403076	4.975777626037598	7.347548961639404
398	3	8	muodoltaan	3.054335832595825	6.012365818023682	7.926677703857422
399	3	9	sutta	7.8232948780059814	6.389212131500244	7.954348087310791
400	3	10	ja	3.001253604888916	3.466480255126953	6.867766380310059
401	3	11	väritykseltään	4.528304100036621	5.423550605773926	7.647210121154785
402	3	12	tiikeriä,	10.065554320812225	6.148895740509033	7.769493579864502
403	3	13	mistä	5.9348859786987305	3.614074468612671	6.922749996185303
404	3	14	johtuvat	5.636016607284546	4.371910572052002	7.289989948272705
405	3	15	sen	5.337636947631836	6.55491828918457	8.023695945739746
406	3	16	monet	8.103971481323242	6.432766914367676	8.032238006591797
407	3	17	susi-	14.999573945999146	5.669094085693359	7.680671215057373
408	3	18	ja	0.3780018389225006	2.194669246673584	6.2735981941223145
409	3	19	tiikeri	3.095516264438629	5.211353302001953	7.267393112182617
410	3	20	-päätteiset	16.574166625738144	4.788280010223389	7.0019049644470215
411	3	21	nimitykset.	5.867375049972907	5.208178997039795	7.293178558349609
412	3	22	Alun	6.3622050285339355	2.775409460067749	6.659246921539307
413	3	23	perin	0.006164702586829662	0.06371178478002548	3.2577431201934814
414	3	24	pussihukka	9.824220985174179	5.430670738220215	7.744556903839111
415	3	25	eli	4.893082618713379	3.195718288421631	6.44293212890625
416	3	26	Australian	9.697507858276367	5.4334211349487305	7.877096176147461
417	3	27	mantereella	4.003931999206543	6.69136905670166	8.274141311645508
418	3	28	ja	2.308838129043579	4.742516040802002	7.583688735961914
419	3	29	Uudessa-	4.192039892077446	5.758388519287109	7.780107021331787
420	3	30	Guineassa,	13.96740934252739	1.0586106777191162	3.196476936340332
421	3	31	mutta	0.6586758494377136	2.7033815383911133	6.367018699645996
422	3	32	viimeisten	9.363934516906738	4.887389183044434	7.5745086669921875
423	3	33	kolmen	3.963984966278076	4.660967826843262	7.2976274490356445
424	3	34	vuosituhannen	3.587782382965088	3.0207419395446777	6.194543838500977
425	3	35	aikana	0.46335482597351074	1.8346242904663086	5.587924957275391
426	3	36	lajia	4.21744441986084	4.629268646240234	7.467772960662842
427	3	37	esiintyi	3.9680914878845215	2.5720324516296387	5.977939128875732
428	3	38	vain	3.4462344646453857	4.7300519943237305	7.241852760314941
429	3	39	Tasmaniassa.	5.190425053238869	5.424258232116699	7.5606913566589355
430	3	40	Sekä	8.632983207702637	4.829634189605713	7.1676459312438965
431	3	41	naaras-	7.584141492843628	5.640900135040283	7.927436351776123
432	3	42	että	0.04863683879375458	0.24162718653678894	2.1737515926361084
433	3	43	koiraspussihukalla	15.061345338821411	1.5275013446807861	4.815738677978516
434	3	44	oli	1.2387347221374512	2.7006852626800537	6.360403537750244
435	3	45	pussit:	16.266359448432922	6.314496040344238	7.928074836730957
436	3	46	naaras	5.553463935852051	6.371069431304932	8.20910930633545
437	3	47	kantoi	8.443476676940918	2.7435226440429688	6.494086742401123
438	3	48	poikasta	8.037092208862305	6.174710273742676	7.891412734985352
439	3	49	omassaan	18.882640838623047	6.277936935424805	7.93317174911499
440	3	50	ja	1.7931880950927734	4.7111077308654785	7.565263271331787
441	3	51	koiraan	5.897921085357666	4.253392219543457	7.154914379119873
442	3	52	pussi	3.1503167375922203	6.196734428405762	7.9542365074157715
443	3	53	suojasi	9.756158828735352	3.368931293487549	6.659473896026611
444	3	54	puolestaan	8.101228713989258	5.034184455871582	7.369544506072998
445	3	55	ulkoisia	9.103111743927002	5.56958532333374	7.610226631164551
446	3	56	sukupuolielimiä.	5.139399528503418	5.047194004058838	7.2364935874938965
447	3	57	Pussihukan	2.183847524225712	4.894773483276367	7.213473796844482
448	3	58	tiedetään	4.71730899810791	6.17031717300415	8.036703109741211
449	3	59	olleen	2.664344072341919	5.180187702178955	7.251457214355469
450	3	60	harvaan	11.754141092300415	6.54068660736084	8.089941024780273
451	3	61	asutuilla	5.321983456611633	1.3578494787216187	5.545783042907715
452	3	62	alueilla	1.5612609386444092	4.042855262756348	6.807429313659668
453	3	63	vaativissa	16.783481240272522	4.263916015625	7.453087329864502
454	3	64	olosuhteissa	2.837266206741333	4.735343933105469	7.036664009094238
455	3	65	saalistava	10.04061508178711	3.3485307693481445	7.117210388183594
456	3	66	suurpeto,	12.577611848711967	4.833521366119385	7.176331043243408
457	3	67	tosin	8.028968811035156	3.4952056407928467	6.510494709014893
458	3	68	saaliin	8.755378276109695	6.10897970199585	7.943127155303955
459	3	69	koosta	6.846087217330933	6.018901824951172	7.7837042808532715
460	3	70	ja	2.424051284790039	3.386153221130371	6.712858200073242
461	3	71	pussihukan	7.823275148868561	5.918099403381348	7.722376346588135
462	3	72	saalistustyylistä	15.855992555618286	6.327094078063965	7.900020599365234
463	3	73	on	1.479552149772644	3.416923761367798	6.632953643798828
464	3	74	esitetty	4.038354873657227	5.1439032554626465	7.078115463256836
465	3	75	vaihtelevaa	7.387711524963379	4.624763488769531	7.041611194610596
466	3	76	tietoa.	2.152680218219757	2.7881431579589844	6.371248245239258
467	3	77	Jo	6.241015911102295	3.8441317081451416	6.952696323394775
468	3	78	ennen	4.128004550933838	3.425896644592285	6.746249675750732
469	3	79	brittien	9.282896995544434	4.720104217529297	7.572946071624756
470	3	80	tuloa	3.932154353708029	4.931814193725586	7.620663642883301
471	3	81	Australiaan	4.0825347900390625	5.685579299926758	7.891333103179932
472	3	82	pussihukkia	8.835812367498875	5.762146472930908	7.941152095794678
473	3	83	hädin	12.487162590026855	4.242594242095947	7.118275165557861
474	3	84	tuskin	0.01690361090004444	0.15417785942554474	3.5535366535186768
475	3	85	enää	5.793485641479492	5.6583709716796875	7.576147556304932
476	3	86	esiintyi	4.425687313079834	6.229278564453125	7.947010040283203
477	3	87	Australian	5.015623569488525	3.6252856254577637	7.048476696014404
478	3	88	mantereella,	2.4225789308547974	3.87829852104187	7.122946739196777
479	3	89	mutta	1.2996231317520142	3.260389804840088	6.344976425170898
480	3	90	Tasmanian	5.811545670032501	6.07231330871582	7.9386115074157715
481	3	91	saarella	3.848818063735962	5.959826469421387	7.9534912109375
482	3	92	laji	4.5372819900512695	5.407692909240723	7.720580101013184
483	3	93	selvisi	6.53230619430542	3.9988389015197754	6.757208824157715
484	3	94	1900-	4.714888572692871	5.8685832023620605	7.764718532562256
485	3	95	luvulle	13.474136114120483	0.8204245567321777	2.034858226776123
486	3	96	asti.	1.324707269668579	1.1858723163604736	4.286102294921875
487	3	97	Metsästyksen	9.357401669025421	4.338753700256348	6.996664047241211
488	3	98	lisäksi	3.286360502243042	5.654632091522217	7.661924839019775
489	3	99	sairaudet	10.917230129241943	5.165175437927246	7.6784820556640625
490	3	100	sekä	5.804522514343262	3.7614684104919434	6.663088321685791
491	3	101	koirien	6.053824543952942	6.056553840637207	7.939732074737549
492	3	102	ja	1.949082612991333	5.6179704666137695	7.687829494476318
493	3	103	ihmisten	4.0403852462768555	4.131048202514648	7.052300453186035
494	3	104	tulo	8.8903169631958	5.696503639221191	7.628362655639648
495	3	105	pussihukan	4.024958774447441	4.596200942993164	7.571627616882324
496	3	106	elinalueelle	7.049931526184082	6.109748363494873	7.899491786956787
497	3	107	ovat	1.0546214580535889	3.6727757453918457	6.864898681640625
498	3	108	voineet	7.0873849000781775	5.026693344116211	7.329456806182861
499	3	109	vaikuttaa	1.6055480241775513	4.298971176147461	6.735851287841797
500	3	110	lajin	3.0150325298309326	5.173514366149902	7.708807945251465
501	3	111	häviämiseen.	6.646550118923187	6.174440860748291	7.855521202087402
502	3	112	Vaikka	5.230545520782471	4.388332366943359	7.104681015014648
503	3	113	laji	4.102511882781982	4.7877197265625	7.65391731262207
504	3	114	on	0.9863371253013611	3.0374412536621094	6.3466033935546875
505	3	115	kuollut	5.796846866607666	5.750890731811523	7.637936115264893
506	3	116	sukupuuttoon	0.030309049412608147	0.2912432849407196	4.315180778503418
507	3	117	1900-	4.223038196563721	3.2962052822113037	6.985470771789551
508	3	118	luvulla,	12.025040596723557	0.8241902589797974	2.5273008346557617
509	3	119	ihmiset	8.091714859008789	4.323493003845215	7.272097110748291
510	3	120	edelleen	7.082766056060791	4.169918537139893	6.957636833190918
511	3	121	ilmoittavat	9.190054178237915	5.856710433959961	7.609339237213135
512	3	122	näköhavainnoista	15.971576318144798	5.105809211730957	7.574361324310303
513	3	123	ja	3.011425018310547	3.5651416778564453	7.177873611450195
514	3	124	yrittävät	8.064756393432617	6.570302486419678	8.205127716064453
515	3	125	esittää	8.30251407623291	5.672039985656738	7.372812271118164
516	3	126	todistusaineistoa	10.075146771967411	5.727459907531738	7.7816877365112305
517	3	127	lajin	2.7552552223205566	5.15785551071167	7.692413330078125
518	3	128	olemassaolosta.	4.370968021452427	5.313220977783203	7.507204055786133
519	3	129	</s>	2.8740391731262207	5.0639753341674805	7.264803886413574
520	4	0	Maailman	7.840936660766602	7.803594589233398	8.713757514953613
521	4	1	ympäristöpäivä	13.946817874908447	6.523192405700684	8.379249572753906
522	4	2	on	1.8479725122451782	2.2747411727905273	6.144847393035889
523	4	3	vuodesta	4.869691371917725	4.5286102294921875	7.377719879150391
524	4	4	1974	4.907351016998291	4.619720458984375	6.002716541290283
525	4	5	alkaen	1.9227887392044067	3.2722649574279785	6.628531455993652
526	4	6	5.	7.4362287521362305	3.7997913360595703	6.994459629058838
527	4	7	kesäkuuta	2.3357458114624023	3.3883442878723145	6.007811069488525
528	4	8	järjestetty	1.812349796295166	3.720973491668701	6.9387946128845215
529	4	9	Yhdistyneiden	4.017143512144685	4.983250141143799	7.453487396240234
530	4	10	kansakuntien	0.0070004991721361876	0.04602505639195442	2.060483932495117
531	4	11	ympäristöohjelman	4.455203294754028	4.837244033813477	7.364692687988281
532	4	12	vuosittainen	4.259407840669155	5.447931289672852	7.517274856567383
533	4	13	teemapäivä,	6.83831524848938	5.056292533874512	7.353727340698242
534	4	14	jolloin	4.250325679779053	2.017138957977295	5.002931118011475
535	4	15	kiinnitetään	9.377445220947266	5.959403038024902	7.896506309509277
536	4	16	huomiota	0.09471257030963898	0.7950351238250732	5.530978679656982
537	4	17	ympäristökysymyksiin.	5.6033912897109985	5.242682456970215	7.530649185180664
538	4	18	Tarkoituksena	6.4865593910217285	4.786040306091309	6.968502044677734
539	4	19	on	0.0699063315987587	0.35783642530441284	3.578012466430664
540	4	20	nostaa	5.496288299560547	5.290622234344482	7.22544002532959
541	4	21	esille	2.5023398399353027	4.662640571594238	7.297004699707031
542	4	22	ympäristössämme	15.650187015533447	4.686346530914307	7.421456813812256
543	4	23	tapahtuvia	6.639895796775818	5.777462005615234	7.644242763519287
544	4	24	muutoksia	2.6395392417907715	3.436723232269287	6.601424694061279
545	4	25	lisäämällä	8.90776538848877	3.070021629333496	6.483909606933594
546	4	26	ympäristötietoisuutta	5.580265313386917	5.352325439453125	7.577401161193848
547	4	27	sekä	3.054259777069092	3.177347183227539	6.6552734375
548	4	28	kannustamalla	8.03355062007904	6.418599605560303	7.9597063064575195
549	4	29	ympäristön	3.852236270904541	5.692931652069092	7.721673488616943
550	4	30	suojelemiseen.	7.305781304836273	5.388354778289795	7.610471725463867
551	4	31	Ideana	10.52695631980896	4.7839250564575195	7.026543140411377
552	4	32	on,	2.839753568172455	3.356010913848877	7.169047832489014
553	4	33	että	0.021394304931163788	0.13602718710899353	2.385939598083496
554	4	34	jokainen	5.4995551109313965	5.652804374694824	7.785712718963623
555	4	35	voi	6.382575035095215	5.166200637817383	7.485214710235596
556	4	36	toimia	3.8671271800994873	5.638038635253906	7.418553352355957
557	4	37	ympäristön	4.530032157897949	5.740806579589844	7.730268478393555
558	4	38	hyväksi,	5.924053311347961	2.0399255752563477	6.314335346221924
559	4	39	joko	5.785473823547363	4.632469654083252	7.1302313804626465
560	4	40	paikallisesti,	10.621754884719849	6.894583702087402	8.294169425964355
561	4	41	kansallisesti	6.178247608244419	5.193826675415039	7.686877727508545
562	4	42	tai	0.09920541197061539	0.39389386773109436	2.605459690093994
563	4	43	kansainvälisesti,	5.811154633760452	4.909026622772217	7.419248580932617
564	4	44	joko	5.205653190612793	5.094993591308594	7.472346305847168
565	4	45	yksin	4.945859432220459	6.445802688598633	8.07008171081543
566	4	46	tai	0.019330568611621857	0.14336252212524414	3.20662784576416
567	4	47	isona	11.03148627281189	4.413791656494141	7.0175371170043945
568	4	48	joukkona.	4.245575830340385	4.936141490936279	7.25653600692749
569	4	49	Hallitus,	14.099026679992676	5.373863697052002	7.225522518157959
570	4	50	yritykset,	9.363133311271667	3.6554155349731445	7.073317050933838
571	4	51	organisaatiot	5.8310964703559875	3.606564998626709	6.8057098388671875
572	4	52	ja	0.7787676453590393	1.4859426021575928	4.776845932006836
573	4	53	yhteisöt	2.2150934897363186	4.077341079711914	6.770541667938232
574	4	54	osallistuvat	5.540036201477051	3.419053077697754	6.434048175811768
575	4	55	teeman	8.558253288269043	5.470242500305176	7.528038024902344
576	4	56	osoittaman	19.179774284362793	4.6208600997924805	7.020936965942383
577	4	57	ympäristöasian	11.693108558654785	6.026535987854004	7.6509928703308105
578	4	58	edistämiseen.	4.53851917386055	4.429243564605713	7.084076404571533
579	4	59	Erityisen	7.794307708740234	5.48604154586792	7.248749732971191
580	4	60	suuria	6.188172817230225	4.557122230529785	6.853867530822754
581	4	61	haasteita	3.730539210140705	4.956694602966309	7.2404561042785645
582	4	62	ovat	0.9898515939712524	3.7532949447631836	7.133274555206299
583	4	63	ilmastonmuutos,	4.707619875669479	4.980903625488281	7.553596496582031
584	4	64	kasvihuonepäästöt	7.717909634113312	5.048759937286377	7.546740531921387
585	4	65	kehitysmaissa	10.419547080993652	1.0374455451965332	4.243153095245361
586	4	66	ja	1.0349102020263672	1.1417280435562134	3.652167797088623
587	4	67	biodiversiteetin	8.95986645668745	5.702259063720703	7.766764163970947
588	4	68	hupeneminen.	12.898925304412842	5.557908058166504	7.301568508148193
589	4	69	Myös	4.727237224578857	5.5212483406066895	7.314044952392578
590	4	70	arktisilla	11.691507413983345	5.327080726623535	7.748495101928711
591	4	71	alueilla	0.07596960663795471	0.5331897735595703	4.251471996307373
592	4	72	ilmastonmuutoksen	6.242737829685211	5.004979133605957	7.591172695159912
593	4	73	vaikutukset	3.133650541305542	4.992753505706787	7.1499810218811035
594	4	74	ovat	1.6806344985961914	3.9035277366638184	7.066991806030273
595	4	75	merkittäviä.	3.278122991323471	5.789869785308838	7.55845832824707
596	4	76	Ilmaston	3.5718518421053886	5.375539779663086	7.287933349609375
597	4	77	lämpeneminen	3.0785299986600876	0.8068453073501587	4.461199760437012
598	4	78	vaikuttaa	2.867361545562744	4.254120349884033	7.044926166534424
599	4	79	paitsi	5.436185359954834	4.967984199523926	7.346375942230225
600	4	80	kasvi-	8.239840984344482	4.477541446685791	7.260866165161133
601	4	81	ja	0.4558323919773102	1.0204335451126099	4.044229030609131
602	4	82	eläinkuntaan	5.752122089266777	1.217963695526123	4.885175704956055
603	4	83	myös	2.1396851539611816	2.1501803398132324	6.103915691375732
604	4	84	ihmisten	4.019715309143066	5.613865852355957	7.581541061401367
605	4	85	toimeentulomahdollisuuksiin.	13.883456349372864	5.078733921051025	7.280179977416992
606	4	86	Viime	6.161089897155762	5.536105155944824	7.268949031829834
607	4	87	vuosina	0.34278684854507446	1.0914483070373535	4.02613639831543
608	4	88	yksi	8.626280784606934	3.1600847244262695	6.977540969848633
609	4	89	suuri	5.349883079528809	4.6947855949401855	7.486851692199707
610	4	90	huolenaihe	8.370321260765195	4.650545120239258	7.227356910705566
611	4	91	on	0.376898854970932	2.302950382232666	6.925934314727783
612	4	92	ollut	2.565397024154663	4.552900314331055	7.500502586364746
613	4	93	muovijäte,	21.766801834106445	4.406816005706787	7.425480842590332
614	4	94	josta	4.366367340087891	3.97627854347229	7.20585298538208
615	4	95	muodostui	7.938284397125244	4.750619411468506	7.585414886474609
616	4	96	myös	4.389117240905762	6.126065254211426	8.016996383666992
617	4	97	vuoden	6.863292694091797	6.506913185119629	8.132376670837402
618	4	98	2018	3.988436460494995	4.719120502471924	7.022522926330566
619	4	99	ympäristöpäivän	9.673596382141113	5.7560648918151855	7.799134254455566
620	4	100	teema.	2.6349624395370483	5.984766960144043	7.9256157875061035
621	4	101	Kampanjassa	13.754179194569588	5.403048515319824	7.392144680023193
622	4	102	puhuttiin	8.754381239414215	5.825343132019043	8.045730590820312
623	4	103	kertakäyttömuovikulttuurin	31.324027061462402	6.600463390350342	8.23935317993164
624	4	104	hävittämisen	12.596735954284668	5.336715221405029	7.727611541748047
625	4	105	puolesta.	2.55117666721344	4.488917350769043	7.0902323722839355
626	4	106	Esimerkiksi	4.809736251831055	6.152167320251465	7.69774055480957
627	4	107	Intia	8.497737884521484	7.246630668640137	8.685894012451172
628	4	108	antoi	6.253700256347656	4.112834453582764	7.132260799407959
629	4	109	suuren	7.910734176635742	6.707981109619141	8.452672958374023
630	4	110	lupauksen	10.22971324622631	4.884627342224121	7.598389148712158
631	4	111	siitä,	4.0467541217803955	6.387165069580078	8.105834007263184
632	4	112	että	0.06433034688234329	0.38230499625205994	3.3404879570007324
633	4	113	koko	6.579763412475586	6.44663143157959	8.180511474609375
634	4	114	1,3	12.013896942138672	3.811753034591675	6.887109756469727
635	4	115	miljardin	3.36964812874794	3.454888343811035	6.109100341796875
636	4	116	asukkaan	2.837555408477783	3.560068130493164	6.6344451904296875
637	4	117	nopeasti	11.49709701538086	5.571619033813477	7.635634422302246
638	4	118	kehittyvä	6.708266735076904	6.548691272735596	8.077452659606934
639	4	119	maa	4.181560516357422	4.816565990447998	7.1380934715271
640	4	120	aikoo	7.093565464019775	4.943904876708984	7.4465131759643555
641	4	121	jättää	6.425373077392578	5.66287899017334	7.434589385986328
642	4	122	kaiken	5.143494129180908	6.478029251098633	8.12959098815918
643	4	123	kertakäyttömuovin	16.137653455138206	6.028661727905273	7.795984268188477
644	4	124	vuoteen	8.117873191833496	5.608308792114258	7.814885139465332
645	4	125	2022	3.829202115535736	1.2648811340332031	4.968364715576172
646	4	126	mennessä.	0.46543601527810097	0.34277597069740295	3.4979348182678223
647	4	127	</s>	2.7443692684173584	6.241824626922607	7.722183704376221
648	5	0	Monokkeli	16.919357299804688	7.815797328948975	8.713598251342773
649	5	1	on	1.5945355892181396	4.720189094543457	7.579115867614746
650	5	2	optinen	8.066680312156677	7.111163139343262	8.438512802124023
651	5	3	linssi,	7.080550730228424	6.443999290466309	8.013958930969238
652	5	4	joka	0.6393035054206848	1.5888022184371948	4.642054080963135
653	5	5	asetetaan	4.779570579528809	4.5509843826293945	6.848147392272949
654	5	6	toisen	6.524703025817871	6.110077857971191	7.86210298538208
655	5	7	silmän	1.601733684539795	4.076286792755127	7.006426811218262
656	5	8	eteen	4.678823947906494	4.90357780456543	7.1403326988220215
657	5	9	korjaamaan	11.504728078842163	3.336249828338623	7.02431583404541
658	5	10	sen	3.744860887527466	5.321479797363281	7.766746520996094
659	5	11	näkökykyä.	7.387106478214264	6.890632629394531	8.204286575317383
660	5	12	Toisin	5.257535934448242	3.6775412559509277	6.759127616882324
661	5	13	kuin	0.5271453261375427	0.7198647260665894	2.958404541015625
662	5	14	silmälasit,	11.542195424437523	5.598603248596191	7.821242332458496
663	5	15	monokkeli	2.030912691843696	2.7102065086364746	6.933994293212891
664	5	16	ei	2.1615242958068848	3.304785966873169	6.52647590637207
665	5	17	lepää	8.178642272949219	4.545751571655273	6.994986534118652
666	5	18	kasvoilla	11.735000133514404	5.294486045837402	7.620491027832031
667	5	19	sankojen	17.94507884979248	3.0655031204223633	6.6585540771484375
668	5	20	avulla,	5.724246263504028	5.940779685974121	7.724074363708496
669	5	21	vaan	0.3711250424385071	1.624312162399292	5.07034969329834
670	5	22	sitä	4.552895545959473	5.986391067504883	7.910646438598633
671	5	23	pitävät	7.189699172973633	3.881768226623535	6.573531150817871
672	5	24	paikallaan	6.492226600646973	6.5050225257873535	8.102178573608398
673	5	25	kasvojen	7.394245624542236	5.8119916915893555	7.888433456420898
674	5	26	lihakset.	9.05930244922638	5.719259738922119	7.520237922668457
675	5	27	Monokkeli	0.4752109479159117	2.847750663757324	6.567078590393066
676	5	28	on	2.1459240913391113	3.7209272384643555	6.815425395965576
677	5	29	nauhalla	13.151808261871338	6.425083160400391	8.082250595092773
678	5	30	kiinni	4.118053436279297	5.340959072113037	7.582039833068848
679	5	31	omistajansa	11.495189666748047	5.279904365539551	7.754851341247559
680	5	32	kaulassa	7.90680456161499	6.3247857093811035	8.20039176940918
681	5	33	tai	3.2100601196289062	3.112236976623535	6.407261848449707
682	5	34	rintapielessä	12.472355403006077	5.834073543548584	7.676906585693359
683	5	35	putoamisen	14.019757628440857	2.13875150680542	6.261063575744629
684	5	36	varalta.	6.710046499967575	3.679117202758789	6.580419540405273
685	5	37	Se	3.5575156211853027	4.556753158569336	7.229133129119873
686	5	38	yhdistetään	7.290776252746582	3.5123775005340576	6.569705486297607
687	5	39	tavallisesti	3.8593552112579346	4.995715141296387	7.716602325439453
688	5	40	1800-	9.130399703979492	7.0581865310668945	8.440116882324219
689	5	41	luvun	12.085914134979248	1.001552700996399	3.1861634254455566
690	5	42	yläluokkaisiin,	18.175837755203247	6.302762508392334	8.176368713378906
691	5	43	varakkaisiin	7.935829266905785	3.7552497386932373	7.120412349700928
692	5	44	miehiin.	9.044524523429573	3.202068328857422	6.862729549407959
693	5	45	Kommunistisessa	14.953602313995361	2.66512131690979	6.747363567352295
694	5	46	propagandassa	5.157395474612713	4.974959373474121	7.230222702026367
695	5	47	monokkeli	0.9846464124857448	2.819206714630127	7.204041481018066
696	5	48	kuului	8.102350234985352	3.4221506118774414	6.7850189208984375
697	5	49	usein	3.0600664615631104	6.859654426574707	8.382384300231934
698	5	50	frakin	13.746572017669678	7.629757881164551	8.738897323608398
699	5	51	ja	3.374324321746826	6.735652446746826	8.411158561706543
700	5	52	silinterin	11.845979452133179	7.17042350769043	8.555418968200684
701	5	53	kanssa	2.2147305011749268	6.242525100708008	8.109315872192383
702	5	54	stereotyyppisen	18.907463312149048	5.23596715927124	7.966667175292969
703	5	55	kapitalistin	12.379575967788696	6.695230007171631	8.16049861907959
704	5	56	tunnusmerkkeihin.	9.979197792708874	6.410645961761475	8.139532089233398
705	5	57	Toinen	6.661602020263672	5.0173797607421875	7.598583221435547
706	5	58	ryhmä,	9.663806438446045	6.102164268493652	7.973613739013672
707	5	59	joihin	5.89978551864624	5.871067047119141	8.212507247924805
708	5	60	monokkeli	2.372646912932396	4.451594352722168	7.444406509399414
709	5	61	usein	6.75639533996582	3.803304672241211	6.6697282791137695
710	5	62	yhdistetään,	1.3399977385997772	3.9690542221069336	6.690926551818848
711	5	63	ovat	1.741026759147644	4.154541492462158	7.218764781951904
712	5	64	saksalaiset	8.6048583984375	7.205634593963623	8.56383228302002
713	5	65	upseerit.	10.311968386173248	5.96256160736084	8.229667663574219
714	5	66	Monokkelin	2.503138452768326	4.584986686706543	7.446459770202637
715	5	67	suosio	5.164417266845703	6.777585983276367	8.328081130981445
716	5	68	oli	3.3132944107055664	4.696849822998047	7.50317907333374
717	5	69	suurimmillaan	3.2445719242095947	5.384033679962158	7.532686710357666
718	5	70	1800-	2.6904826164245605	3.8372676372528076	6.913061618804932
719	5	71	luvun	10.794777035713196	0.930548906326294	2.5505194664001465
720	5	72	loppupuoliskolla,	5.93669817596674	3.444105625152588	6.502843379974365
721	5	73	mutta	1.658860445022583	2.596276044845581	5.891299247741699
722	5	74	se	2.3799285888671875	5.344905853271484	7.754460334777832
723	5	75	hävisi	5.614119529724121	4.20869779586792	6.628736972808838
724	5	76	nopeasti	4.093785762786865	5.127562522888184	7.584412574768066
725	5	77	käytöstä	6.956949234008789	4.552213668823242	7.542156219482422
726	5	78	1900-	4.337660312652588	3.622448444366455	7.350816249847412
727	5	79	luvun	11.936289548873901	0.6578143239021301	2.2830300331115723
728	5	80	alkupuolella,	5.714187145233154	3.7160935401916504	6.486159801483154
729	5	81	kun	1.7459402084350586	2.9518232345581055	6.246150493621826
730	5	82	kehittynyt	10.015368461608887	6.620728492736816	8.35368537902832
731	5	83	optiikka	11.118520259857178	6.865450859069824	8.308297157287598
732	5	84	mahdollisti	4.579480171203613	4.500767707824707	6.916727066040039
733	5	85	silmälasit,	14.58572119474411	6.9834370613098145	8.368016242980957
734	5	86	joiden	2.0556766986846924	4.106882095336914	7.13649320602417
735	5	87	linssit	4.560636579990387	5.90763521194458	7.875754356384277
736	5	88	olivat	1.0383497476577759	3.965071678161621	7.041294097900391
737	5	89	eri	5.4554643630981445	6.824132919311523	8.175719261169434
738	5	90	vahvuiset.	13.401033401489258	4.250710964202881	7.03491735458374
739	5	91	Nykyään	4.27470064163208	4.507679462432861	7.3074164390563965
740	5	92	monokkeli	0.959407264366746	4.3613996505737305	7.544477462768555
741	5	93	on	1.5568445920944214	3.0373666286468506	6.444634437561035
742	5	94	käytännössä	4.863654136657715	6.081960678100586	7.897489070892334
743	5	95	kadonnut	4.915401458740234	6.35897970199585	8.033479690551758
744	5	96	lasityyppi.	18.315446853637695	5.441646575927734	7.789495944976807
745	5	97	</s>	1.864675760269165	4.567625999450684	7.313226222991943
746	6	0	Viininmaistelu	23.000858187675476	7.836880683898926	8.730955123901367
747	6	1	on	0.9099469184875488	2.5597310066223145	6.399498462677002
748	6	2	viinin	3.0072220265865326	6.63743257522583	8.197577476501465
749	6	3	aistinvaraista	15.832773685455322	5.528952598571777	7.673717021942139
750	6	4	tarkastelua	6.612193912267685	4.17555046081543	7.089345455169678
751	6	5	ja	2.1429102420806885	3.3710765838623047	6.913380146026611
752	6	6	arviointia.	4.207881301641464	6.5989789962768555	8.035304069519043
753	6	7	Käytäntönä	15.900362914428115	2.869396924972534	6.549617290496826
754	6	8	viininmaistelu	2.779859619215131	3.3083038330078125	6.761101722717285
755	6	9	on	1.9328421354293823	3.124596357345581	6.4125494956970215
756	6	10	yhtä	6.147430896759033	6.685274124145508	8.155449867248535
757	6	11	ikivanha	13.143034063279629	5.254973888397217	7.3577423095703125
758	6	12	kuin	0.2869698107242584	1.70784330368042	6.214827537536621
759	6	13	itse	6.108919143676758	4.206162452697754	7.567873001098633
760	6	14	viinin	1.322582483291626	2.9700050354003906	7.0138421058654785
761	6	15	valmistus,	12.530367374420166	1.011966347694397	6.024888038635254
762	6	16	mutta	1.5233309268951416	3.314403772354126	6.426839351654053
763	6	17	hiljalleen	10.637048721313477	5.905752182006836	8.053528785705566
764	6	18	myöhemmästä	14.689105987548828	4.836875915527344	7.764596462249756
765	6	19	keskiajasta	9.075940150767565	5.79074239730835	7.762797832489014
766	6	20	lähtien	1.564158320426941	3.551344633102417	6.659829139709473
767	6	21	on	4.082765102386475	1.9798895120620728	6.562531471252441
768	6	22	muodostunut	7.002932071685791	5.793146133422852	7.867109298706055
769	6	23	virallinen	8.600313186645508	5.809630870819092	7.888454914093018
770	6	24	menetelmä.	5.190616011619568	4.234718322753906	7.091284275054932
771	6	25	Modernit,	19.88859748840332	2.4448904991149902	6.577057838439941
772	6	26	ammattiviininmaistajat	32.80737042427063	6.335292816162109	8.054852485656738
773	6	27	käyttävät	4.090458393096924	3.3959004878997803	6.792223930358887
774	6	28	jatkuvasti	8.056861877441406	5.1107177734375	7.724739074707031
775	6	29	kehittyvää	9.913289308547974	4.927241325378418	7.75376033782959
776	6	30	erityissanastoa,	18.665631353855133	3.7031619548797607	7.412619590759277
777	6	31	jolla	3.088864326477051	3.4983086585998535	6.850227355957031
778	6	32	kuvaillaan	7.775364249944687	4.493431568145752	7.383808612823486
779	6	33	viinissä	5.32513952255249	3.7432899475097656	7.4573750495910645
780	6	34	havaittujen	8.626505613327026	5.634239196777344	7.808285236358643
781	6	35	makujen,	8.926592707633972	4.564227104187012	7.194894313812256
782	6	36	tuoksujen	2.3104073256254196	3.9156711101531982	6.960468292236328
783	6	37	ja	0.3565559685230255	0.8864602446556091	3.864549398422241
784	6	38	yleisten	8.055559873580933	3.87980055809021	7.016144275665283
785	6	39	ominaisuuksien	2.542969226837158	2.684551477432251	6.244690418243408
786	6	40	nan	18.603383541107178	5.652786731719971	7.397387504577637
787	6	41	kirjoa.	13.150026142597198	5.958250045776367	7.941180229187012
788	6	42	Viime	6.778680801391602	5.514763355255127	7.544175148010254
789	6	43	vuosien	4.483399868011475	1.502418041229248	4.599987983703613
790	6	44	aikana	2.955465793609619	5.2836456298828125	7.882210731506348
791	6	45	on	2.2288925647735596	4.167390823364258	7.601988792419434
792	6	46	tullut	2.904635429382324	4.210862636566162	7.037548065185547
793	6	47	esiin	2.5946929454803467	5.434054374694824	7.65037202835083
794	6	48	tutkimustuloksia,	10.940366573631763	5.318930625915527	7.780294418334961
795	6	49	jotka	1.256186604499817	2.974949836730957	6.322852611541748
796	6	50	haastavat	10.18609618395567	3.5954108238220215	6.914788246154785
797	6	51	sekä	4.22188663482666	6.295932769775391	8.118938446044922
798	6	52	ammattilaisten	8.514612078666687	6.51531982421875	8.331669807434082
799	6	53	että	0.1200200766324997	0.8712007999420166	5.664506435394287
800	6	54	kuluttajien	4.575115066487342	4.698736190795898	7.319628715515137
801	6	55	viininmaistamisen	17.278208136558533	6.339654922485352	7.975296974182129
802	6	56	luotettavuuden.	13.717407373711467	2.976966619491577	7.196626663208008
803	6	57	Tutkimusten	6.732142210006714	5.903470039367676	7.7067975997924805
804	6	58	mukaan	0.5319604873657227	2.655369997024536	6.396110534667969
805	6	59	ihmiset	7.943275451660156	3.7197909355163574	7.5976643562316895
806	6	60	odottavat	7.55945184873417	4.214175224304199	7.040208339691162
807	6	61	kalliimman	12.091797351837158	5.8461151123046875	8.126195907592773
808	6	62	viinin	2.809404730796814	4.984220504760742	7.494513034820557
809	6	63	omaavan	8.08403761126101	6.383727073669434	8.267783164978027
810	6	64	edullisempaa	9.459620475769043	6.362872123718262	8.018472671508789
811	6	65	viiniä	3.5945030748844147	5.01142692565918	7.371155261993408
812	6	66	houkuttelevammat	18.369985848665237	3.2374472618103027	6.941029071807861
813	6	67	ominaisuudet:	6.8680500984191895	4.936280250549316	7.3804545402526855
814	6	68	kun	5.3896636962890625	5.8968281745910645	8.21280574798584
815	6	69	maistajille	15.539309024810791	5.533393859863281	8.048816680908203
816	6	70	annetaan	2.8743438720703125	4.880773544311523	7.479590892791748
817	6	71	viiniä,	4.3116209506988525	6.164453983306885	7.899296760559082
818	6	72	jonka	6.106592655181885	5.359886169433594	7.686154842376709
819	6	73	virheellisesti	11.550052642822266	5.842154026031494	7.84013557434082
820	6	74	kerrotaan	5.871474266052246	5.83287239074707	7.751811981201172
821	6	75	olevan	1.0113205909729004	4.287962436676025	7.1708478927612305
822	6	76	kallista,	9.514284133911133	6.797271728515625	8.345643043518066
823	6	77	he	4.226402282714844	5.105002403259277	7.821847438812256
824	6	78	lähes	8.309606552124023	5.292723655700684	7.376297950744629
825	6	79	aina	6.495697021484375	1.3256418704986572	6.011272430419922
826	6	80	raportoivat	11.6641194075346	6.376214027404785	7.998641490936279
827	6	81	sen	3.7848238945007324	5.871346473693848	7.962560176849365
828	6	82	maistuvan	12.82963240146637	5.900887489318848	7.981013298034668
829	6	83	paremmalta	7.820669651031494	5.587852478027344	7.820620059967041
830	6	84	kuin	2.243218183517456	4.434722900390625	7.2224931716918945
831	6	85	sama	8.51802921295166	6.3715972900390625	8.099029541015625
832	6	86	viini	1.7099162340164185	4.612854957580566	7.485714435577393
833	6	87	silloin,	9.708226382732391	3.3721699714660645	6.8706841468811035
834	6	88	kun	0.5194801092147827	2.0198755264282227	5.556421756744385
835	6	89	sen	3.3635506629943848	5.555179119110107	7.895754337310791
836	6	90	kerrotaan	7.13762092590332	6.242903709411621	8.048925399780273
837	6	91	olevan	0.8843332529067993	4.235258102416992	7.17581033706665
838	6	92	edullista.	10.501959323883057	6.366950511932373	8.027055740356445
839	6	93	Toiset	7.837154150009155	5.91328763961792	7.69190788269043
840	6	94	tutkimukset	2.6703948974609375	4.074626445770264	7.145027160644531
841	6	95	osoittavat,	2.5663289427757263	3.3346025943756104	6.572305202484131
842	6	96	että	0.0528218112885952	0.2573521137237549	1.9922984838485718
843	6	97	maistajien	10.284730792045593	3.356959104537964	7.496456146240234
844	6	98	arviointiin	12.810462474822998	5.500143051147461	7.9299445152282715
845	6	99	saattaa	4.729764938354492	4.650120735168457	7.321397304534912
846	6	100	vaikuttaa	1.067056655883789	3.498243808746338	6.521819591522217
847	6	101	viineistä	12.723204851150513	5.336956024169922	7.779241561889648
848	6	102	saadut	4.384983599185944	5.385370254516602	7.588188171386719
849	6	103	lisätiedot,	8.15528392791748	5.730262756347656	7.554525375366211
850	6	104	kuten	2.1799888610839844	3.917013168334961	6.981710910797119
851	6	105	maantieteellinen	12.279387474060059	6.385951995849609	8.325661659240723
852	6	106	alkuperä,	5.965504169464111	5.824220180511475	7.6524434089660645
853	6	107	maine	8.840387344360352	6.388474464416504	8.250945091247559
854	6	108	tai	2.6038103103637695	2.6469221115112305	6.579119682312012
855	6	109	muut	5.377573013305664	6.91350793838501	8.295476913452148
856	6	110	seikat.	8.051053509116173	6.285153865814209	7.907639980316162
857	6	111	Objektiivinen	13.623558074235916	5.9331135749816895	7.721105575561523
858	6	112	viininmaistelu	4.875342806975823	6.133166313171387	7.814362049102783
859	6	113	vaatii	4.28470516204834	4.009171009063721	7.10861349105835
860	6	114	siis	5.291354179382324	6.211360931396484	7.973360538482666
861	6	115	viinin	4.546987369656563	6.436402320861816	8.080775260925293
862	6	116	tarjoiltavan	12.647223234176636	5.956539154052734	8.302199363708496
863	6	117	sokkona,	20.2719669342041	6.4036149978637695	8.083513259887695
864	6	118	eli	4.715702056884766	4.273188591003418	7.1611223220825195
865	6	119	maistajan	12.309725761413574	6.366591453552246	8.230792045593262
866	6	120	näkemättä	14.909904479980469	6.1470794677734375	8.183638572692871
867	6	121	etikettiä	10.130647659301758	6.065234184265137	8.053606986999512
868	6	122	tai	2.5459821224212646	3.0566353797912598	7.149753570556641
869	6	123	pullon	5.698450803756714	6.639223098754883	8.376160621643066
870	6	124	muotoa.	8.71508777141571	5.438215732574463	7.664278984069824
871	6	125	Sokkomaistelussa	16.505447048693895	5.541130542755127	7.571229457855225
872	6	126	voidaan	4.303133964538574	3.540006160736084	7.226788520812988
873	6	127	myös	2.772850513458252	4.976971626281738	7.098461627960205
874	6	128	viinin	7.3156600296497345	5.4141058921813965	7.190171718597412
875	6	129	värin	7.558475613594055	5.782351016998291	8.204466819763184
876	6	130	peittämiseksi	8.340721249580383	5.370009422302246	7.617770195007324
877	6	131	käyttää	3.2206532955169678	5.7982988357543945	7.539133548736572
878	6	132	mustia	6.019465446472168	6.249838829040527	7.963732719421387
879	6	133	viinilaseja	10.646527748554945	4.372363090515137	6.921457767486572
880	6	134	tarjoilussa.	17.302964091300964	2.2739555835723877	6.183854103088379
881	6	135	</s>	3.031205177307129	5.383763313293457	7.4945549964904785
882	7	0	Appelsiinimehu	14.907932460308075	7.804569721221924	8.721293449401855
883	7	1	on	0.6621298789978027	2.3818132877349854	5.9052348136901855
884	7	2	tuoreista	8.682734727859497	6.186911582946777	7.909581184387207
885	7	3	appelsiineista	9.126349901896901	4.60753059387207	7.071084499359131
886	7	4	puristamalla	10.228668212890625	3.9453818798065186	6.705763816833496
887	7	5	tehty	3.61232328414917	2.0188474655151367	5.574574947357178
888	7	6	mehu,	4.0966063886880875	5.026817321777344	7.12734842300415
889	7	7	jota	0.9914040565490723	1.8381356000900269	4.748083591461182
890	7	8	nautitaan	3.0693348050117493	3.458817958831787	6.448607921600342
891	7	9	eri	5.322480201721191	5.803196430206299	7.639708518981934
892	7	10	puolilla	1.7781078815460205	4.4962992668151855	7.164018630981445
893	7	11	maailmaa.	0.5619926303625107	1.2744367122650146	5.34019136428833
894	7	12	Teollisesti	10.498133897781372	4.476951599121094	7.067071914672852
895	7	13	valmistettu	3.704942226409912	4.833680629730225	7.398647308349609
896	7	14	mehu	3.3627532720565796	2.6193270683288574	6.050173282623291
897	7	15	tehdään	5.439078330993652	2.7482147216796875	6.193577289581299
898	7	16	pastöroimalla	11.22801923751831	5.402385234832764	7.561768531799316
899	7	17	ja	2.040112018585205	4.734506130218506	7.24265718460083
900	7	18	hapen	12.5902099609375	5.120995998382568	7.224736213684082
901	7	19	poistolla,	13.126372307538986	3.629605293273926	6.786678314208984
902	7	20	mikä	5.118630886077881	4.663875102996826	7.019170761108398
903	7	21	johtaa	4.294782638549805	4.443565368652344	6.733743667602539
904	7	22	luonnollisen	9.788432955741882	6.04597282409668	7.84439754486084
905	7	23	maun	4.141392432153225	5.76441764831543	7.5643720626831055
906	7	24	häviämiseen,	7.0361460614949465	5.3170013427734375	7.348944664001465
907	7	25	ja	1.557915210723877	4.032775402069092	6.870223522186279
908	7	26	vasta	7.856803894042969	5.57076358795166	7.684606552124023
909	7	27	myöhemmässä	7.791182339191437	6.278785705566406	8.14350700378418
910	7	28	vaiheessa	0.5416995286941528	2.9514174461364746	6.8603034019470215
911	7	29	mehuun	4.810775935649872	5.668143272399902	7.713680744171143
912	7	30	lisätään	0.45338428020477295	2.5337188243865967	6.249889373779297
913	7	31	makua	6.597568869590759	5.805694580078125	7.550679683685303
914	7	32	keinotekoisesti.	8.689451962709427	3.2995333671569824	6.9781174659729
915	7	33	Pitkään	9.583115100860596	4.422665596008301	7.171051502227783
916	7	34	hyllyssä	16.864951133728027	5.296234130859375	7.761359214782715
917	7	35	seisova	8.565210342407227	5.50350284576416	7.6692304611206055
918	7	36	appelsiinimehu	4.944948950258549	3.4412691593170166	6.718339443206787
919	7	37	on	1.1661027669906616	4.19830322265625	6.807684421539307
920	7	38	usein	3.958259344100952	6.329812049865723	7.929426193237305
921	7	39	valmistettu	2.6334750652313232	6.451055526733398	8.0201416015625
922	7	40	pakastetusta	11.341559410095215	6.4739179611206055	7.9401445388793945
923	7	41	mehutiivisteestä,	10.686728775501251	4.915474891662598	7.091472148895264
924	7	42	johon	3.2383787631988525	3.1595139503479004	5.941090106964111
925	7	43	on	1.5698692798614502	3.8054070472717285	6.896877765655518
926	7	44	lisätty	0.7016529440879822	2.5972907543182373	6.1095967292785645
927	7	45	alkuperäistä	8.159852027893066	6.131014823913574	7.799071311950684
928	7	46	mehua	7.296494960784912	4.958460330963135	7.415996551513672
929	7	47	vastaava	6.565988540649414	3.066248893737793	6.91245174407959
930	7	48	määrä	3.0536961555480957	5.298036575317383	7.4311652183532715
931	7	49	vettä.	4.13332337141037	5.346244812011719	7.521166801452637
932	7	50	Haihduttamalla	13.050117373466492	4.8778181076049805	7.298037052154541
933	7	51	mehusta	6.1682809591293335	5.145510673522949	7.571410655975342
934	7	52	vettä	5.237955570220947	4.8299360275268555	7.266500473022461
935	7	53	valmistetaan	6.935210227966309	5.116588115692139	7.428467750549316
936	7	54	siis	7.74513578414917	5.842112064361572	7.70505952835083
937	7	55	mehutiivistettä,	12.268437385559082	6.360208988189697	7.9666595458984375
938	7	56	jota	2.312516212463379	3.631246566772461	6.387713432312012
939	7	57	voidaan	1.9387887716293335	4.271482467651367	6.999602794647217
940	7	58	myöhemmin	7.4694976806640625	3.183444023132324	6.270991325378418
941	7	59	laimentaa.	10.9861411601305	3.441807270050049	6.280578136444092
942	7	60	Kun	5.304963111877441	4.41628360748291	7.218504905700684
943	7	61	mehua	4.118217669427395	5.04838752746582	7.743852138519287
944	7	62	valmistetaan	5.500229835510254	5.061761379241943	7.543403625488281
945	7	63	tiivisteestä,	12.794329404830933	5.587944030761719	7.738874912261963
946	7	64	siihen	4.374883651733398	4.711965560913086	7.234720706939697
947	7	65	lisätään	0.2589896023273468	1.3772828578948975	4.933513641357422
948	7	66	vettä,	4.724009871482849	6.112082481384277	7.707238674163818
949	7	67	sokeria	6.324257276952267	3.5125339031219482	6.466261386871338
950	7	68	ja	1.0869204998016357	1.504409670829773	4.581868648529053
951	7	69	tarvittavia	11.181475355289876	5.200475692749023	7.290283679962158
952	7	70	lisäaineita.	4.6999846789985895	4.162149429321289	6.718600749969482
953	7	71	Näin	5.113800048828125	5.390463829040527	7.316995143890381
954	7	72	aikaansaatu	9.717034101486206	4.5471954345703125	7.249886512756348
955	7	73	mehu	2.131196618080139	4.894105911254883	7.305459022521973
956	7	74	pastöroidaan,	12.768045604228973	5.336031913757324	7.472972869873047
957	7	75	jäähdytetään	6.800070494413376	3.7641100883483887	6.553757667541504
958	7	76	ja	0.38235345482826233	1.248366355895996	4.926178932189941
959	7	77	pakataan	7.082098118960857	5.211843013763428	7.2670087814331055
960	7	78	esimerkiksi	5.072610855102539	3.739945888519287	7.04643440246582
961	7	79	kartonkipakkauksiin.	16.291280806064606	6.247062683105469	7.926695346832275
962	7	80	Vaikka	6.335761070251465	5.04695987701416	7.30153751373291
963	7	81	appelsiinimehussa	5.487659817415988	4.293608665466309	7.393409729003906
964	7	82	onkin	4.718458652496338	3.192363739013672	6.630789279937744
965	7	83	reilusti	9.264195382595062	6.087450981140137	7.789628505706787
966	7	84	C-	9.786774814128876	5.833856105804443	7.710739612579346
967	7	85	vitamiinia,	14.508409142494202	1.1104669570922852	5.626296043395996
968	7	86	teollisesti	9.569899439811707	3.9375593662261963	6.9879045486450195
969	7	87	valmistettua	2.4121338725090027	2.291027784347534	6.060668468475342
970	7	88	mehua	3.1847447538748384	3.1939172744750977	6.832252025604248
971	7	89	voi	3.0849103927612305	4.588998794555664	7.108414173126221
972	7	90	sokeripitoisuutensa	17.334843158721924	4.280512809753418	6.8107590675354
973	7	91	puolesta	6.382584095001221	1.738556146621704	5.157769680023193
974	7	92	verrata	7.069106101989746	5.342900276184082	7.398367404937744
975	7	93	limsoihin.	29.78006887435913	5.806803226470947	7.860469818115234
976	7	94	Ravintoammattilaiset	22.1604385972023	5.435887813568115	7.4500813484191895
977	7	95	suosittelevatkin	6.6787469536066055	4.351634979248047	7.0363993644714355
978	7	96	mehujen	7.719446420669556	5.398464202880859	7.761096477508545
979	7	97	juomisen	7.8778932094573975	5.276735305786133	7.358312606811523
980	7	98	sijaan	4.008106708526611	6.7005767822265625	8.157747268676758
981	7	99	tuoreiden	9.476571798324585	6.113870620727539	7.915351867675781
982	7	100	hedelmien	2.181152820587158	3.7246389389038086	6.675456523895264
983	7	101	syömistä.	5.639501333236694	5.206657886505127	7.230800628662109
984	7	102	</s>	2.2066450119018555	5.433621406555176	7.534763336181641
985	8	0	Mehiläishoito	19.159145832061768	7.803685188293457	8.71807861328125
986	8	1	tarkoittaa	1.6764512062072754	2.896012544631958	6.792226791381836
987	8	2	mehiläisten	7.419999361038208	6.471407890319824	8.08346176147461
988	8	3	kasvatusta	5.815886005759239	5.012124061584473	7.426726818084717
989	8	4	ja	2.4699888229370117	2.849316358566284	6.775671482086182
990	8	5	hoitoa	2.0323710441589355	5.747363567352295	7.772833347320557
991	8	6	hunajan	10.190735161304474	2.7323427200317383	6.731167793273926
992	8	7	ja	2.8722853660583496	5.16971492767334	7.275506973266602
993	8	8	mehiläisvahan	12.22084641456604	5.150945663452148	7.287204265594482
994	8	9	keräämiseksi.	12.621065199375153	5.798831939697266	7.732368469238281
995	8	10	Jotkut	7.771485328674316	3.419027805328369	6.831590175628662
996	8	11	myös	9.424659729003906	1.0289524793624878	6.00924825668335
997	8	12	hyödyntävät	6.4018490041053155	5.273977279663086	7.753857612609863
998	8	13	mehiläisiä	4.466624975204468	2.6617445945739746	6.970611572265625
999	8	14	sadon	8.928179681301117	4.964786529541016	7.750578880310059
1000	8	15	pölytyksessä	17.83402729034424	0.9308120012283325	5.571887969970703
1001	8	16	sekä	4.321603775024414	2.1765427589416504	6.317958831787109
1002	8	17	kasvattavat	8.814743280410767	6.432480335235596	8.18783950805664
1003	8	18	niitä	3.217947483062744	2.163870096206665	6.377309322357178
1004	8	19	myydäkseen	11.329232810880058	4.289364814758301	7.490029335021973
1005	8	20	toisille	9.10280466079712	4.0870442390441895	7.14385986328125
1006	8	21	mehiläistarhaajille.	20.71209329366684	2.687429904937744	6.733708381652832
1007	8	22	Mehiläisten	9.625077724456787	3.644179344177246	6.988603115081787
1008	8	23	hyödyntämistä	8.990924017503858	6.310303688049316	8.108521461486816
1009	8	24	kuvaavia	16.293845176696777	4.44895076751709	7.4549360275268555
1010	8	25	luolamaalauksia	11.920822631567717	5.241572856903076	7.640242099761963
1011	8	26	on	0.9135832190513611	2.654496431350708	6.425479412078857
1012	8	27	löydetty	2.649155378341675	5.287278175354004	7.673205852508545
1013	8	28	tuhansien	5.382030159235001	6.297867774963379	8.076568603515625
1014	8	29	vuosien	0.4820554256439209	2.3561673164367676	6.271955490112305
1015	8	30	takaa.	1.455632507801056	2.064239978790283	5.362212657928467
1016	8	31	Egyptissä	6.339005470275879	5.709861755371094	7.668223857879639
1017	8	32	mehiläishoito	4.0728524923324585	5.214750289916992	7.968021869659424
1018	8	33	tunnettiin	5.369137763977051	4.730806827545166	7.367316246032715
1019	8	34	jo	1.6767839193344116	4.654217720031738	7.478909015655518
1020	8	35	varhain	3.9231648445129395	4.579751014709473	7.008273124694824
1021	8	36	ja	3.0172765254974365	4.088281154632568	7.453505992889404
1022	8	37	useiden	8.855767250061035	5.84368371963501	8.05268383026123
1023	8	38	faaraoiden,	10.22245417162776	4.86939811706543	7.412500858306885
1024	8	39	esimerkiksi	3.409149646759033	4.42445182800293	7.335988998413086
1025	8	40	Tutankhamonin,	13.566722214221954	6.284226894378662	7.972846984863281
1026	8	41	haudoista	8.747239530086517	6.264707088470459	8.161879539489746
1027	8	42	on	5.492729187011719	4.028182029724121	7.271803379058838
1028	8	43	löydetty	0.5612878799438477	2.325850009918213	6.168899059295654
1029	8	44	sinetöityjä	11.950747594237328	6.3765974044799805	8.103251457214355
1030	8	45	hunaja-	6.7063517570495605	5.602666854858398	7.7162909507751465
1031	8	46	astioita.	13.496912740170956	3.4128060340881348	6.599624156951904
1032	8	47	Aluksi	7.246079444885254	5.8951005935668945	7.628996849060059
1033	8	48	hunajaa	2.745442748069763	3.800076961517334	7.556384086608887
1034	8	49	kerättiin	4.4530083779245615	4.113617420196533	6.730355262756348
1035	8	50	villimehiläisten	16.645862221717834	5.82155704498291	8.122213363647461
1036	8	51	pesistä,	9.00488007068634	6.2608513832092285	7.90361213684082
1037	8	52	mutta	0.7314175367355347	2.9187629222869873	6.565755367279053
1038	8	53	myöhemmin	1.5886255502700806	4.768425941467285	7.50999116897583
1039	8	54	opittiin	9.243146928027272	5.347846984863281	7.794171333312988
1040	8	55	rakentamaan	4.89658260345459	5.331639766693115	7.504487991333008
1041	8	56	keinotekoisia	7.090309590101242	5.515921592712402	7.805386543273926
1042	8	57	mehiläispesiä	8.351005293428898	5.700572490692139	7.6755452156066895
1043	8	58	mm.	8.488999083638191	2.4938302040100098	6.882482528686523
1044	8	59	ontoista	18.399832725524902	6.785988807678223	8.524452209472656
1045	8	60	puunrungoista,	9.351197838783264	4.424333572387695	7.684834003448486
1046	8	61	oljesta	10.664850354194641	5.953310966491699	7.7429280281066895
1047	8	62	ja	0.5127710700035095	1.090394377708435	4.253891944885254
1048	8	63	saviruukuista	11.841929644346237	5.988173484802246	7.699536323547363
1049	8	64	Nykyisin	15.828268051147461	1.713914155960083	6.0422539710998535
1050	8	65	mehiläisille	7.478451728820801	5.641866207122803	7.934402942657471
1051	8	66	rakennetaan	6.200523853302002	3.5328192710876465	6.851548194885254
1052	8	67	irtokehäisiä	23.084911704063416	6.256767749786377	7.989387035369873
1053	8	68	pesiä,	7.452520377933979	5.495512008666992	7.495872974395752
1054	8	69	joissa	2.8011481761932373	3.6675825119018555	6.73936128616333
1055	8	70	vahakakut	16.14376997947693	3.8940975666046143	7.168698310852051
1056	8	71	riippuvat	11.035842798359226	4.727814674377441	7.308267116546631
1057	8	72	irrallaan	9.75422678887844	6.162668228149414	7.834514141082764
1058	8	73	tukien	12.988575458526611	5.950997352600098	7.868943691253662
1059	8	74	varassa.	6.36553817987442	5.880906105041504	7.7002034187316895
1060	8	75	Mehiläispesät	6.9536828100681305	6.073631286621094	7.672731876373291
1061	8	76	koostuvat	4.016119003295898	4.312444686889648	7.085269927978516
1062	8	77	osastoista,	12.019814223051071	5.845827579498291	7.731667518615723
1063	8	78	jotka	1.101062297821045	2.2649757862091064	5.488025665283203
1064	8	79	on	3.0583736896514893	4.916191101074219	7.159790992736816
1065	8	80	asetettu	4.379330635070801	5.10358190536499	7.246320724487305
1066	8	81	päällekkäin	4.766179084777832	6.661195755004883	8.162473678588867
1067	8	82	torniksi.	14.73983645439148	4.887911796569824	7.671319484710693
1068	8	83	Mehiläisten	6.517893075942993	6.018703460693359	7.545960426330566
1069	8	84	hoidossa	6.589521408081055	6.59720516204834	8.241600036621094
1070	8	85	käytetään	1.2748862504959106	3.522815704345703	6.829482078552246
1071	8	86	suojavarusteita,	12.305016443133354	5.561270236968994	7.79429292678833
1072	8	87	jotka	1.9991875886917114	3.7219972610473633	6.858552932739258
1073	8	88	suojaavat	3.8448006885155337	4.490080833435059	7.0654616355896
1074	8	89	mehiläisten	1.6150522828102112	1.9954488277435303	6.592139720916748
1075	8	90	pistoilta.	12.747818171977997	6.230463981628418	7.818934917449951
1076	8	91	Moni	5.76469087600708	5.324074745178223	7.381893634796143
1077	8	92	tarhaaja	20.01370668411255	2.5503551959991455	6.310815811157227
1078	8	93	tuntuu	11.115886688232422	4.484270095825195	7.082583904266357
1079	8	94	kuitenkin	3.5907509326934814	5.760968208312988	7.842291831970215
1080	8	95	siedättyvän	20.228121042251587	6.403050899505615	7.919607639312744
1081	8	96	mehiläisiä	2.0528656244277954	4.722142219543457	7.652617931365967
1082	8	97	hoitaessaan,	13.923682004213333	5.57440185546875	7.896912097930908
1083	8	98	eli	6.118345737457275	3.651390790939331	6.639194488525391
1084	8	99	oireet	10.68692684173584	5.300565719604492	7.945321559906006
1085	8	100	lievenevät,	13.120565888937563	4.001503944396973	6.8826470375061035
1086	8	101	kun	2.475222110748291	4.014371395111084	6.792899131774902
1087	8	102	pistoja	15.046501159667969	3.241692543029785	7.173853397369385
1088	8	103	tulee	4.254059314727783	4.726639747619629	7.384895324707031
1089	8	104	jatkuvasti.	5.70442134141922	6.014008522033691	7.886960506439209
1090	8	105	Tutkimusten	7.697819396853447	5.468287467956543	7.452167510986328
1091	8	106	mukaan	0.06993656605482101	0.441748708486557	4.199058532714844
1092	8	107	tarhaajilla	9.573462128639221	1.5466690063476562	6.51872444152832
1093	8	108	onkin	5.695932865142822	2.2261476516723633	6.267618656158447
1094	8	109	korkea	6.426721096038818	6.457494735717773	7.999823570251465
1095	8	110	määrä	5.93928861618042	4.005446910858154	6.902166843414307
1096	8	111	mehiläismyrkyn	12.532020926475525	5.915650367736816	7.842968940734863
1097	8	112	päävastageeniin	35.491920948028564	6.106499671936035	7.859979152679443
1098	8	113	reagoivia	7.105020299553871	3.473468780517578	6.380535125732422
1099	8	114	vasta-	9.107296824455261	4.600279808044434	7.070605754852295
1100	8	115	aineita.	12.03779822587967	0.039997175335884094	1.1936933994293213
1101	8	116	Silti	10.859859228134155	5.677495002746582	7.520965576171875
1102	8	117	tietysti	10.362299919128418	5.579464912414551	7.903223037719727
1103	8	118	etenkin	8.001691818237305	5.841010570526123	7.998959064483643
1104	8	119	vakavia	11.134098649024963	4.220791816711426	7.8255462646484375
1105	8	120	reaktiota	11.89199686050415	3.292459011077881	6.872757911682129
1106	8	121	saaneiden	8.278055667877197	4.690909385681152	7.130328178405762
1107	8	122	on	5.660892963409424	4.022411346435547	7.147543430328369
1108	8	123	suojauduttava	12.032669486477971	5.008380889892578	7.6308393478393555
1109	8	124	pistoilta	7.746365502476692	6.361651420593262	7.985655307769775
1110	8	125	mahdollisimman	7.180529594421387	4.231039047241211	7.394477367401123
1111	8	126	hyvin.	3.646215498447418	3.9365499019622803	6.472566604614258
1112	8	127	</s>	3.414544105529785	5.476256847381592	7.426702976226807
1113	9	0	Kansallislippu	12.851054668426514	7.8224945068359375	8.726123809814453
1114	9	1	on	0.7618905305862427	2.85514235496521	6.67302942276001
1115	9	2	lippu,	2.2355743050575256	4.887678146362305	7.603626728057861
1116	9	3	joka	0.929067850112915	1.6331956386566162	3.9286699295043945
1117	9	4	edustaa	4.07916784286499	4.169468879699707	6.769278049468994
1118	9	5	valtiota	5.03625613451004	4.1305036544799805	7.444045066833496
1119	9	6	tai	2.835956573486328	2.8387255668640137	6.638474464416504
1120	9	7	maata	4.640466690063477	5.182914733886719	7.442202568054199
1121	9	8	ja	3.3584609031677246	3.0599894523620605	6.860915660858154
1122	9	9	toimii	5.045385837554932	4.7056684494018555	7.3691511154174805
1123	9	10	sen	4.284660339355469	5.46005392074585	7.546955108642578
1124	9	11	kansallissymbolina.	8.013021040707827	6.034873962402344	7.7191057205200195
1125	9	12	Alun	6.216771125793457	2.6394753456115723	6.11470890045166
1126	9	13	perin	0.0029167274478822947	0.028464457020163536	2.099111557006836
1127	9	14	lippuja	8.232645988464355	2.689455986022949	6.681024551391602
1128	9	15	käytettiin	0.624828577041626	2.439103841781616	5.809486389160156
1129	9	16	merkkeinä	10.519482851028442	6.573070526123047	8.174960136413574
1130	9	17	sotatantereella,	22.156336665153503	6.746763229370117	8.294608116149902
1131	9	18	ja	3.0019662380218506	5.8939008712768555	8.007220268249512
1132	9	19	vasta	6.375874042510986	4.746837615966797	7.396470546722412
1133	9	20	1600-	4.063033580780029	5.555045127868652	7.700213432312012
1134	9	21	luvulla	9.976369678974152	1.0794862508773804	3.0388736724853516
1135	9	22	niitä	2.6849164962768555	6.035301208496094	8.015873908996582
1136	9	23	alettiin	1.7639987468719482	2.4525444507598877	5.940926551818848
1137	9	24	käyttää	0.669369637966156	2.9995477199554443	6.3506879806518555
1138	9	25	sotatilanteiden	15.078606843948364	6.093511581420898	8.025619506835938
1139	9	26	ulkopuolella.	7.3704193234443665	6.018896102905273	7.634889125823975
1140	9	27	Kansa	4.969921112060547	5.4155168533325195	7.206822872161865
1141	9	28	omaksui	6.909727096557617	2.937380313873291	6.227005958557129
1142	9	29	lippujen	3.3756214380264282	5.1999711990356445	7.543979644775391
1143	9	30	käytön	0.9781540632247925	4.120517730712891	7.182104110717773
1144	9	31	Ranskan	5.654410362243652	5.645262718200684	7.829557418823242
1145	9	32	vallankumouksen	1.456079363822937	4.398197650909424	6.995341777801514
1146	9	33	myötä	3.2068405151367188	2.182375192642212	5.72739839553833
1147	9	34	1700-	3.75231671333313	2.9817566871643066	6.7208571434021
1148	9	35	luvulla.	11.084534764289856	1.0869975090026855	2.672952890396118
1149	9	36	Tällöin	5.492306709289551	5.276943206787109	7.184806823730469
1150	9	37	syntyivät	5.540182113647461	5.203486919403076	7.561652660369873
1151	9	38	kansallisliput	3.776252955198288	5.6862006187438965	7.8838887214660645
1152	9	39	ja	1.7736924886703491	3.502117395401001	7.10481071472168
1153	9	40	lippujen	3.9678105115890503	6.172491073608398	8.057397842407227
1154	9	41	kuviointi	6.9924726486206055	5.65416955947876	7.686622142791748
1155	9	42	yksinkertaistui.	8.640072464942932	4.8989152908325195	7.610989093780518
1156	9	43	Kolme	8.328312873840332	5.468532562255859	7.27105188369751
1157	9	44	neljäsosaa	5.443337086588144	4.427101135253906	7.299022197723389
1158	9	45	nykyisistä	5.451820340007544	5.107351303100586	7.541845321655273
1159	9	46	kansallislipuista	1.2231649905443192	3.2544102668762207	6.871011734008789
1160	9	47	on	0.9090277552604675	3.4610579013824463	6.522067070007324
1161	9	48	toisen	6.79497766494751	5.966416358947754	7.9084625244140625
1162	9	49	maailmansodan	0.0483308881521225	0.38956835865974426	4.315117835998535
1163	9	50	jälkeiseltä	5.268146991729736	2.7163538932800293	6.455461502075195
1164	9	51	ajalta	0.014686215668916702	0.15628297626972198	3.7536237239837646
1165	9	52	ja	3.151960849761963	1.7896862030029297	5.874228000640869
1166	9	53	vain	5.840729713439941	5.096162796020508	7.685103416442871
1167	9	54	12	7.411998748779297	5.891467094421387	7.899143695831299
1168	9	55	valtiolla	11.561051368713379	2.9417715072631836	6.7763566970825195
1169	9	56	on	0.20456770062446594	1.1218516826629639	5.387122631072998
1170	9	57	lippu,	6.192381858825684	4.421872615814209	7.1843156814575195
1171	9	58	joka	1.7350881099700928	3.916569709777832	6.823477268218994
1172	9	59	on	0.8873922824859619	3.6621124744415283	6.752768039703369
1173	9	60	otettu	3.2132182121276855	6.094382286071777	7.846923828125
1174	9	61	käyttöön	0.30761003494262695	2.127504348754883	6.603744983673096
1175	9	62	ennen	5.169557571411133	5.456007480621338	7.677114963531494
1176	9	63	vuotta	2.9843835830688477	3.544293165206909	6.744307994842529
1177	9	64	1800.	7.785879999399185	5.310031890869141	6.2204742431640625
1178	9	65	Vanhin	6.224691390991211	5.534282684326172	7.258793830871582
1179	9	66	kansallislippu	3.0209708511829376	4.950930595397949	7.429460525512695
1180	9	67	on	0.5091683864593506	2.556849956512451	6.488642692565918
1181	9	68	Tanskalla,	14.593987345695496	5.7004008293151855	7.999655723571777
1182	9	69	joka	1.5489883422851562	3.954289436340332	7.131983757019043
1183	9	70	on	1.1655726432800293	3.816788911819458	6.781813144683838
1184	9	71	1200-	8.079081535339355	4.984020233154297	7.3464250564575195
1185	9	72	luvulta.	12.892537951469421	0.9493533968925476	2.634056568145752
1186	9	73	Kansallisliput	4.070644438266754	5.215872287750244	7.130165100097656
1187	9	74	voivat	6.181791305541992	3.578984498977661	6.754071235656738
1188	9	75	edelleen	6.8247575759887695	2.7603092193603516	6.420523643493652
1189	9	76	muuttua	3.217168795352336	4.95340633392334	7.255457401275635
1190	9	77	tai	6.349482536315918	6.254016399383545	7.8967132568359375
1191	9	78	vaihtua	5.375347759574652	6.072519302368164	7.97938346862793
1192	9	79	historian	8.406745910644531	6.151898384094238	7.912418365478516
1193	9	80	käänteissä.	16.047771096229553	2.413407802581787	6.130990505218506
1194	9	81	Perustuslaissa	13.107815206050873	5.700453281402588	7.378693580627441
1195	9	82	useimmiten	11.380672454833984	4.2764892578125	7.314967632293701
1196	9	83	kuvaillaan	9.434052228927612	5.745455741882324	7.9307098388671875
1197	9	84	kansallislipun	2.689248412847519	5.454956531524658	7.9764084815979
1198	9	85	ulkonäkö.	12.961064338684082	6.400941371917725	8.048912048339844
1199	9	86	Liput	12.576257705688477	5.747983455657959	7.396548748016357
1200	9	87	ovat	0.8497018814086914	3.5410361289978027	6.97046422958374
1201	9	88	lähes	6.550232887268066	6.659971714019775	8.237133026123047
1202	9	89	aina	1.6673583984375	3.9198989868164062	6.926347255706787
1203	9	90	suorakaiteen	7.4422971196472645	6.037323474884033	8.05280590057373
1204	9	91	muotoisia,	4.266108021140099	2.2790961265563965	6.014750957489014
1205	9	92	toisin	4.686485290527344	3.7033848762512207	7.053023338317871
1206	9	93	kun	8.939356803894043	0.7635665535926819	3.7416746616363525
1207	9	94	niitä	3.2261319160461426	5.1069722175598145	7.932971954345703
1208	9	95	edeltäneet	10.478085860610008	3.7843503952026367	6.733147144317627
1209	9	96	keskiajan	8.438285827636719	5.9528889656066895	8.00207805633545
1210	9	97	armeijoiden	10.794406056404114	4.7912492752075195	7.468220233917236
1211	9	98	liput,	4.92050368944183	3.4923486709594727	6.885183334350586
1212	9	99	jotka	1.670748233795166	3.617966651916504	6.812383651733398
1213	9	100	olivat	2.0659990310668945	4.626241683959961	7.264389514923096
1214	9	101	muodoltaan	6.182854175567627	6.292142868041992	8.08206558227539
1215	9	102	vaihtelevampia.	10.079377472400665	5.927206993103027	7.783664226531982
1216	9	103	Tänä	9.92524528503418	6.169346809387207	7.5306501388549805
1217	9	104	päivänä	4.201383590698242	1.2543741464614868	5.172627925872803
1218	9	105	ainoana	10.776132583618164	6.326050281524658	8.133505821228027
1219	9	106	poikkeuksena	5.218979506287724	5.5325164794921875	7.862895965576172
1220	9	107	suorakulman	20.43876600265503	4.7059736251831055	7.756058692932129
1221	9	108	muotoisiin	9.21103286743164	5.71623420715332	7.87894868850708
1222	9	109	lippuihin	2.014208635315299	4.990157127380371	7.500093936920166
1223	9	110	on	0.787918210029602	2.83461856842041	6.415558815002441
1224	9	111	kahdesta	10.473149299621582	5.925353527069092	8.014796257019043
1225	9	112	kolmiosta	8.850344240665436	2.329446792602539	5.8273515701293945
1226	9	113	muodostuva	0.16434788703918457	1.114637851715088	5.3869500160217285
1227	9	114	Nepalin	14.649653494358063	5.633323669433594	7.671546936035156
1228	9	115	lippu.	1.1868826746940613	1.841355323791504	6.232015132904053
1229	9	116	Sveitsin	10.900680541992188	6.0976409912109375	7.428159236907959
1230	9	117	sekä	7.787070274353027	4.913444995880127	7.697096824645996
1231	9	118	Vatikaanin	6.690131187438965	4.519556999206543	6.9756269454956055
1232	9	119	liput	4.993868350982666	4.978726387023926	7.680696964263916
1233	9	120	ovat	0.7441884875297546	3.484931230545044	6.987613201141357
1234	9	121	ainoita	9.449813643470407	6.3270721435546875	8.026658058166504
1235	9	122	neliön	11.916410446166992	5.291619300842285	7.800889492034912
1236	9	123	muotoisia	3.7603810988366604	1.7814217805862427	5.549267768859863
1237	9	124	lippuja.	6.341914180666208	2.1857476234436035	5.866561412811279
1238	9	125	Väreistä	12.109344244003296	6.056288719177246	7.5197038650512695
1239	9	126	suosituimpia	6.548720955848694	5.969470977783203	7.779386520385742
1240	9	127	ovat	0.11843810230493546	0.7556499242782593	5.065772533416748
1241	9	128	valkoinen,	7.305146813392639	6.988590240478516	8.476972579956055
1242	9	129	sininen,	2.55899441242218	2.806891918182373	5.915802001953125
1243	9	130	punainen	2.009077548980713	2.6726012229919434	5.603814601898193
1244	9	131	ja	0.6116620302200317	0.8476412296295166	3.2193667888641357
1245	9	132	vihreä.	2.170909769833088	2.7314140796661377	5.723124980926514
1246	9	133	Joidenkin	7.712414340116084	6.125393867492676	7.590503692626953
1247	9	134	maiden	1.434971570968628	4.762350559234619	7.485032081604004
1248	9	135	lipuissa	3.019148349761963	2.631683349609375	6.592935085296631
1249	9	136	on	0.6564834713935852	3.195322036743164	6.940036773681641
1250	9	137	hyvinkin	10.12662386894226	5.876432418823242	7.827754497528076
1251	9	138	samankaltaisia	5.1013946533203125	5.545871734619141	7.442650318145752
1252	9	139	värejä	2.3511524200439453	3.6024365425109863	6.910236835479736
1253	9	140	ja	2.8307557106018066	1.991909146308899	5.297436237335205
1254	9	141	symboleja,	10.571832640096545	6.407932281494141	8.084122657775879
1255	9	142	vaikka	4.075893402099609	3.422683000564575	6.46219539642334
1256	9	143	lippujen	6.014405250549316	4.6451873779296875	7.454466342926025
1257	9	144	on	5.228025436401367	6.013862609863281	7.779693126678467
1258	9	145	tarkoitus	4.36872673034668	5.145434856414795	7.364317417144775
1259	9	146	olla	1.057733416557312	4.2820940017700195	7.068741798400879
1260	9	147	ainutlaatuisia	9.213963881134987	6.3909735679626465	7.921393394470215
1261	9	148	kansallissymboleja.	16.18667623680085	2.245384693145752	6.517597675323486
1262	9	149	</s>	3.2696354389190674	6.18768310546875	7.5997538566589355
1263	10	0	Kansainvälien	22.411415927112103	7.814918518066406	8.709035873413086
1264	10	1	luonnonsuojeluliitto	9.782569169998169	6.6197404861450195	8.328070640563965
1265	10	2	on	2.243276357650757	1.6697137355804443	5.565269947052002
1266	10	3	luonnonsuojelun	6.38873553276062	4.329316139221191	7.2444305419921875
1267	10	4	ja	2.7200164794921875	4.956373691558838	7.117964267730713
1268	10	5	luonnonvarojen	3.7924761241301894	4.162441253662109	7.019383430480957
1269	10	6	kestävän	6.1062235832214355	4.424792289733887	6.976071834564209
1270	10	7	käytön	4.551242351531982	1.262756109237671	5.369568824768066
1271	10	8	aloilla	8.8731929063797	4.915096282958984	7.083328723907471
1272	10	9	toimiva	0.703153669834137	3.0790419578552246	6.635139465332031
1273	10	10	kansainvälinen	3.3205976486206055	3.616079330444336	6.634796619415283
1274	10	11	organisaatio.	8.418543934822083	1.143778681755066	4.953136444091797
1275	10	12	Toimintaan	9.350428104400635	4.1250433921813965	6.764089107513428
1276	10	13	kuuluu	0.49219685792922974	1.8189380168914795	5.327258110046387
1277	10	14	aineiston	14.019474506378174	5.528388500213623	7.5834503173828125
1278	10	15	keräämistä	3.4005202054977417	4.204624176025391	7.104825019836426
1279	10	16	ja	1.1885040998458862	3.2319748401641846	6.729540824890137
1280	10	17	analysointia,	9.22190511226654	6.021197319030762	7.604943752288818
1281	10	18	tutkimusta,	4.737642049789429	6.193331718444824	7.858914375305176
1282	10	19	kenttäprojekteja,	18.05116069316864	6.23476505279541	7.7673234939575195
1283	10	20	oikeusasioiden	14.678819179534912	6.371809005737305	7.887681007385254
1284	10	21	ajamisesta	11.266806602478027	5.224688529968262	7.219675540924072
1285	10	22	sekä	1.8831342458724976	1.3341987133026123	4.857928276062012
1286	10	23	koulutusta.	7.9463279247283936	6.426697731018066	7.999743938446045
1287	10	24	Organisaation	7.512850403785706	5.113703727722168	7.148595333099365
1288	10	25	tehtävä	5.591538906097412	5.187301158905029	7.421248912811279
1289	10	26	on	0.17250877618789673	1.355085849761963	6.042619228363037
1290	10	27	”vaikuttaa,	20.16195723414421	4.486991882324219	6.936091423034668
1291	10	28	rohkaista	6.77500307559967	5.53309965133667	7.5595598220825195
1292	10	29	ja	0.47867536544799805	1.3723593950271606	5.398925304412842
1293	10	30	auttaa	5.012895584106445	6.289873123168945	7.8776750564575195
1294	10	31	yhteisöjä	7.843059182167053	5.590578079223633	7.683314323425293
1295	10	32	kautta	10.911645889282227	5.442755222320557	7.599353790283203
1296	10	33	maailman	1.6642985343933105	4.888293266296387	7.443865776062012
1297	10	34	suojelemaan	13.138919830322266	2.129575729370117	6.2879486083984375
1298	10	35	luontoa	2.3561621122062206	4.928051948547363	7.319904804229736
1299	10	36	ja	0.8943055272102356	2.3290019035339355	6.10674524307251
1300	10	37	varmistaa	11.737212657928467	5.965057849884033	7.773695468902588
1301	10	38	luonnonvarojen	6.563611298799515	5.292498588562012	7.506802082061768
1302	10	39	käytön	3.8127849102020264	5.3324480056762695	7.416442394256592
1303	10	40	olevan	7.267758369445801	5.490114212036133	7.6383771896362305
1304	10	41	kohtuullista	9.53960394859314	6.128539562225342	7.762165069580078
1305	10	42	ja	1.9462339878082275	2.5670108795166016	6.282171249389648
1306	10	43	ekologisesti	8.071229338645935	5.721580505371094	7.662537097930908
1307	10	44	kestävää”.	4.852316781878471	4.4844536781311035	7.07431173324585
1308	10	45	Menneiden	15.859052419662476	5.186938285827637	7.164798259735107
1309	10	46	vuosikymmenten	1.705990195274353	5.173656463623047	7.663355827331543
1310	10	47	aikana	0.45293617248535156	2.8423829078674316	7.031017303466797
1311	10	48	organisaatio	3.8950932025909424	5.749956130981445	7.795740127563477
1312	10	49	on	2.242154121398926	3.019789218902588	6.02652645111084
1313	10	50	laajentanut	5.054264820879325	5.3728413581848145	7.288392543792725
1314	10	51	toimintaansa	0.8198488354682922	4.112004280090332	7.278414726257324
1315	10	52	keskittyen	8.585548078641295	5.025290489196777	7.570401191711426
1316	10	53	projekteissaan	12.243446826934814	6.2672438621521	7.943122863769531
1317	10	54	nykyään	10.749342918395996	4.212514877319336	7.325508117675781
1318	10	55	suojeluekologian	19.730455935001373	5.760939121246338	7.802732467651367
1319	10	56	lisäksi	5.099370002746582	3.3525891304016113	6.602162837982178
1320	10	57	myös	1.8616536855697632	5.384573459625244	7.678713321685791
1321	10	58	kestävän	6.593389734625816	6.087008476257324	7.894360542297363
1322	10	59	kehityksen	0.9319300651550293	2.685624599456787	6.103714466094971
1323	10	60	kysymyksiin.	6.765372484922409	4.911768913269043	7.143950462341309
1324	10	61	Toisin	8.196898460388184	5.500022888183594	7.329664707183838
1325	10	62	kuin	0.13866615295410156	0.5357339978218079	3.8897929191589355
1326	10	63	monet	2.4158060550689697	5.754917144775391	7.864431381225586
1327	10	64	muut	0.9811553955078125	4.378329753875732	7.488830089569092
1328	10	65	kansainväliset	4.324932866962627	5.437945365905762	7.508227825164795
1329	10	66	ympäristöorganisaatiot,	8.81660767167341	4.53024959564209	7.008980751037598
1330	10	67	Kansainvälinen	4.0497145652771	5.1280670166015625	7.665938854217529
1331	10	68	luonnonsuojeluliitto	0.131489135324955	0.5801726579666138	4.751796245574951
1332	10	69	ei	1.9055287837982178	3.827484369277954	6.554577350616455
1333	10	70	tähtää	8.28495979309082	2.9290857315063477	6.589714050292969
1334	10	71	laittamaan	12.126677989959717	6.293824672698975	7.8929314613342285
1335	10	72	kansaa	10.82949447631836	6.0561747550964355	7.808088302612305
1336	10	73	liikkeelle	8.763049125671387	6.401301383972168	7.978665351867676
1337	10	74	luonnonsuojelua	7.513461589813232	4.698208332061768	7.58449125289917
1338	10	75	tukeakseen.	9.629222299903631	3.866456985473633	6.723119735717773
1339	10	76	Sen	4.052277565002441	5.44956111907959	7.276751518249512
1340	10	77	sijaan	0.45502984523773193	2.657115936279297	6.612590312957764
1341	10	78	se	3.641190528869629	5.962886810302734	7.8544487953186035
1342	10	79	yrittää	6.328706741333008	4.280703544616699	6.504556655883789
1343	10	80	vaikuttaa	5.375762939453125	5.448686599731445	7.342628479003906
1344	10	81	hallitusten,	13.892009854316711	6.274239540100098	7.885500431060791
1345	10	82	yritysten	3.951741933822632	5.426207542419434	7.524212837219238
1346	10	83	ja	0.3509382903575897	0.8788917660713196	3.633169174194336
1347	10	84	sidosryhmien	5.765811059623957	4.872267723083496	7.102717876434326
1348	10	85	tekoihin	10.66473650932312	5.443817615509033	7.372045040130615
1349	10	86	tarjoamalla	6.958167501492426	2.974886417388916	6.753791809082031
1350	10	87	heille	4.36573600769043	6.197098731994629	7.829497814178467
1351	10	88	tietoa	2.477619171142578	5.708108425140381	7.574097156524658
1352	10	89	ja	1.8663240671157837	4.8191704750061035	7.2972412109375
1353	10	90	neuvoa,	11.155187845230103	6.222515106201172	7.791725158691406
1354	10	91	sekä	3.369666814804077	4.68743896484375	7.120566368103027
1355	10	92	rakentamalla	7.157259069848806	5.784363746643066	7.676916599273682
1356	10	93	kumppanuuksia.	13.899578671902418	6.256250381469727	7.919075965881348
1357	10	94	nan	22.469947814941406	5.502615928649902	7.305575370788574
1358	10	95	Parhaiten	18.978329284116626	5.908622741699219	8.051727294921875
1359	10	96	organisaatio	5.10814094543457	6.536986827850342	8.164551734924316
1360	10	97	tunnetaan	3.4989993572235107	3.985696315765381	6.576571941375732
1361	10	98	julkaisemastaan	10.919792413711548	6.7674760818481445	8.461251258850098
1362	10	99	”uhanalaisten	24.531546592712402	6.720420837402344	8.284194946289062
1363	10	100	lajien	4.61889123916626	5.669914722442627	7.912788391113281
1364	10	101	punaisesta	11.27044302225113	5.54826545715332	7.779407501220703
1365	10	102	listasta”,	6.606057893484831	5.594962120056152	7.765924453735352
1366	10	103	joka	1.1586250066757202	2.214550495147705	5.8111772537231445
1367	10	104	määrittää	7.195984840393066	4.314047813415527	6.993265151977539
1368	10	105	maailman	4.477177619934082	5.781919002532959	7.765944957733154
1369	10	106	lajien	4.023900985717773	5.645249366760254	7.833762168884277
1370	10	107	suojelutilanteen.	10.942317605018616	5.768296241760254	7.732458114624023
1371	10	108	Tänä	9.165390014648438	5.541996955871582	7.4539947509765625
1372	10	109	päivänä	4.00189208984375	1.121467113494873	4.766279220581055
1373	10	110	Kansainvälinen	3.9102089405059814	6.476809501647949	8.131789207458496
1374	10	111	luonnonsuojeluliitto	0.08011080510914326	0.5029810667037964	4.5966691970825195
1375	10	112	työllistää	10.551185607910156	4.370294094085693	6.7551374435424805
1376	10	113	noin	1.3215663433074951	4.411182403564453	7.008816719055176
1377	10	114	tuhat	4.57968807220459	4.451865196228027	5.520008087158203
1378	10	115	kokopäiväistä	14.958624184131622	3.137533664703369	6.376554012298584
1379	10	116	työntekijää	2.8812131881713867	3.6785593032836914	6.7143168449401855
1380	10	117	yli	4.489368438720703	2.6681394577026367	6.505077838897705
1381	10	118	50	3.0730719566345215	4.4018778800964355	6.119646072387695
1382	10	119	maassa.	0.7792019248008728	1.4929304122924805	5.046548843383789
1383	10	120	</s>	3.4659881591796875	5.251978874206543	7.259467124938965
1384	11	0	Ajoneuvon	11.464656710624695	7.826297760009766	8.724861145019531
1385	11	1	rekisterikilpi	6.03625762462616	6.102992534637451	7.92553186416626
1386	11	2	on	0.8517687916755676	2.887791633605957	6.553065776824951
1387	11	3	metallinen	8.774036586284637	6.356977462768555	8.228618621826172
1388	11	4	tai	3.2682242393493652	4.877745151519775	7.432998180389404
1389	11	5	muovinen	2.2260913774371147	5.595831871032715	7.710228443145752
1390	11	6	ajoneuvoon	8.523910999298096	4.219766139984131	7.150490760803223
1391	11	7	kiinnitetty	4.885843276977539	4.702707290649414	6.921903133392334
1392	11	8	kilpi,	3.043314468115568	5.54173469543457	7.516661643981934
1393	11	9	josta	3.962397813796997	1.8267111778259277	4.274628162384033
1394	11	10	auto	5.563262939453125	4.713199615478516	7.373059272766113
1395	11	11	virallisesti	12.001626014709473	4.367361545562744	7.153205394744873
1396	11	12	tunnistetaan.	6.178991310298443	4.641129493713379	7.095555305480957
1397	11	13	Kaikki	5.603157997131348	5.546445369720459	7.332462787628174
1398	11	14	maat	7.508937835693359	4.13170051574707	7.317217826843262
1399	11	15	vaativat	6.348620414733887	4.194378852844238	6.938457012176514
1400	11	16	rekisterikilven	6.200157433748245	5.700531959533691	7.884685516357422
1401	11	17	autojen,	16.296274185180664	5.190440654754639	7.466963768005371
1402	11	18	rekkojen	10.210519790649414	5.408562660217285	7.5811262130737305
1403	11	19	ja	0.8554720282554626	1.1201825141906738	3.5526108741760254
1404	11	20	moottoripyörien	6.224115465767682	4.982254981994629	7.481192588806152
1405	11	21	kaltaisille	11.871487617492676	4.917362213134766	7.235662460327148
1406	11	22	tieajoneuvoille.	12.716904984787107	4.019827842712402	7.0331807136535645
1407	11	23	Hallintoalueiden	15.586845874786377	5.267940044403076	7.288646697998047
1408	11	24	mukaan	3.769202709197998	6.079860687255859	7.854003429412842
1409	11	25	vaihtelee,	14.96577262878418	5.2034502029418945	7.65372371673584
1410	11	26	vaaditaanko	10.481721639633179	5.003201484680176	7.453105449676514
1411	11	27	rekisterikilpeä	18.177000045776367	5.4148969650268555	7.606578826904297
1412	11	28	muille	7.8914642333984375	4.595302581787109	7.650053977966309
1413	11	29	ajoneuvoille,	2.8253811821341515	4.075743675231934	6.991591930389404
1414	11	30	kuten	3.0551066398620605	5.401104927062988	7.60780143737793
1415	11	31	polkupyörille,	6.961525734513998	4.572718620300293	7.402918815612793
1416	11	32	veneille	5.9387520253658295	5.299549102783203	7.483488082885742
1417	11	33	tai	2.3418216705322266	1.0803595781326294	3.2837488651275635
1418	11	34	traktoreille.	7.38660304993391	5.078886985778809	7.294747352600098
1419	11	35	Rekisteritunnus	16.867189168930054	5.941366195678711	7.419327259063721
1420	11	36	on	1.1952433586120605	4.262452125549316	7.327286243438721
1421	11	37	sarja	9.018868446350098	5.634023666381836	7.876755237579346
1422	11	38	kirjaimia	9.711869411170483	2.779423475265503	6.566842079162598
1423	11	39	ja	2.077789545059204	4.058658599853516	7.323897838592529
1424	11	40	numeroita,	5.494630962610245	5.983267784118652	7.953393936157227
1425	11	41	joiden	2.3263509273529053	3.3367810249328613	6.620033264160156
1426	11	42	perusteella	3.235501766204834	5.733489036560059	7.614924907684326
1427	11	43	tunnistetaan	6.85408890247345	5.146515369415283	7.5289692878723145
1428	11	44	ajoneuvon	2.048440635204315	4.861411094665527	7.537729263305664
1429	11	45	omistaja	5.3269476890563965	4.820683002471924	7.567756175994873
1430	11	46	tunnuksen	12.25452470779419	2.413386344909668	5.922917366027832
1431	11	47	antaneen	10.758725643157959	5.1028289794921875	7.558341026306152
1432	11	48	alueen	6.219982624053955	4.7968645095825195	7.392775535583496
1433	11	49	ajoneuvorekisteristä.	11.473607420921326	5.549172401428223	7.851630687713623
1434	11	50	Joissakin	6.41287899017334	5.740553855895996	7.440826416015625
1435	11	51	maissa	0.8552179932594299	3.2016735076904297	6.6472487449646
1436	11	52	tunnukset	8.763174533843994	4.706995010375977	7.472218036651611
1437	11	53	ovat	1.1859718561172485	3.83024001121521	6.650857448577881
1438	11	54	maan	7.340371131896973	6.346484184265137	8.03787899017334
1439	11	55	sisällä	3.8298726081848145	4.9847002029418945	7.457905292510986
1440	11	56	ainutlaatuisia,	14.365050494670868	3.406494617462158	7.049231052398682
1441	11	57	kun	4.342044830322266	3.8938052654266357	6.99215030670166
1442	11	58	taas	0.5957275032997131	3.1568715572357178	7.102178573608398
1443	11	59	toisissa	5.170303354039788	5.626486778259277	7.677966594696045
1444	11	60	osavaltion	9.757341384887695	3.3359787464141846	6.893222332000732
1445	11	61	tai	5.208747863769531	5.182808876037598	7.392492294311523
1446	11	62	maakunnan	3.6605682373046875	4.221078395843506	6.960073471069336
1447	11	63	sisäisiä.	13.322664022445679	4.76181173324585	7.151467800140381
1448	11	64	Ranska	7.749818801879883	5.864206790924072	7.499863147735596
1449	11	65	otti	5.872867584228516	3.394528865814209	6.181435585021973
1450	11	66	ensimmäisenä	4.56859016418457	4.280755043029785	7.3494486808776855
1451	11	67	maana	6.377483010292053	2.8997225761413574	6.908328533172607
1452	11	68	rekisterikilvet	11.495305597782135	3.1445016860961914	7.275768756866455
1453	11	69	käyttöön	0.20982860028743744	1.2771780490875244	5.928853988647461
1454	11	70	1800-	4.852534770965576	4.42995548248291	7.646961212158203
1455	11	71	luvun	11.081427574157715	0.9029812216758728	2.556309700012207
1456	11	72	loppupuolella.	3.252192437648773	3.2740893363952637	6.276035785675049
1457	11	73	1900-	5.29100227355957	5.919734001159668	7.509206771850586
1458	11	74	luvun	10.436934471130371	0.8414567708969116	2.929985284805298
1459	11	75	alussa	1.1822969913482666	3.7635040283203125	6.881695747375488
1460	11	76	kilvet	11.294506311416626	6.307880401611328	8.115818977355957
1461	11	77	olivat	1.74759840965271	4.5614213943481445	6.985161304473877
1462	11	78	erikokoisia	7.365781512111425	6.832262992858887	8.280412673950195
1463	11	79	ja	0.9655101299285889	2.559800148010254	6.424966812133789
1464	11	80	-muotoisia	7.010622978210449	6.276056289672852	8.14240837097168
1465	11	81	hallintoalueesta	20.932320594787598	1.965369462966919	5.941914081573486
1466	11	82	riippuen,	3.9484773874282837	4.370419502258301	7.1875834465026855
1467	11	83	eli	5.1599297523498535	3.684234142303467	7.053628444671631
1468	11	84	muuton	14.469019889831543	5.088628768920898	7.829797267913818
1469	11	85	ohessa	8.999053001403809	5.499734878540039	7.817444324493408
1470	11	86	autoon	11.497762680053711	3.5752944946289062	7.20590877532959
1471	11	87	piti	7.848113536834717	5.889045715332031	7.663989543914795
1472	11	88	porata	15.088760375976562	4.71759033203125	6.848228454589844
1473	11	89	uudet	7.530254364013672	6.634042739868164	8.148841857910156
1474	11	90	reiät	10.745799312368035	4.942582130432129	7.370132923126221
1475	11	91	uutta	10.628042221069336	3.3017029762268066	7.114786148071289
1476	11	92	kilpeä	11.742537021636963	4.844237327575684	7.400223731994629
1477	11	93	varten.	1.1835590451955795	2.956371784210205	6.586222171783447
1478	11	94	Kilpien	8.769367456436157	6.315786838531494	7.6655168533325195
1479	11	95	standardisointi	12.76048219203949	6.170157432556152	7.991759777069092
1480	11	96	tuli	3.7750496864318848	5.384520530700684	7.7030510902404785
1481	11	97	voimaan	2.4675707817077637	5.574993133544922	7.895593166351318
1482	11	98	50-	10.59432315826416	4.111676216125488	6.906891822814941
1483	11	99	luvun	7.036364793777466	1.1178438663482666	4.07798433303833
1484	11	100	lopulla,	3.3752939701080322	3.372263193130493	6.507143497467041
1485	11	101	kun	1.67604398727417	2.5649094581604004	6.251843452453613
1486	11	102	autojen	4.376743316650391	6.9384684562683105	8.453346252441406
1487	11	103	valmistajat	5.813664019107819	5.765069007873535	7.839552879333496
1488	11	104	pääsivät	6.160006046295166	4.633580207824707	7.11116361618042
1489	11	105	sopimukseen	2.618806838989258	5.986883163452148	7.9483866691589355
1490	11	106	hallitusten	10.982006169855595	6.010650634765625	8.110391616821289
1491	11	107	ja	2.8595175743103027	5.15841817855835	7.503125190734863
1492	11	108	kansainvälisten	6.715973377227783	5.622061729431152	7.7431440353393555
1493	11	109	organisaatioiden	7.787437280640006	4.892788887023926	7.225687026977539
1494	11	110	kanssa.	1.4969018399715424	4.425930023193359	7.134302139282227
1495	11	111	</s>	3.11441707611084	6.268886566162109	7.704844951629639
